  -4.3497181e-17
   4.4076125e-01
  -1.2693369e-02
   5.6604398e-01
  -2.5686381e-02
   5.7183176e-01
  -3.3532009e-02
   5.0355582e-01
  -3.7252369e-02
   4.2720312e-01
  -4.2507968e-02
   3.9361897e-01
  -5.4276384e-02
   4.1487513e-01
  -7.2188275e-02
   4.6500475e-01
  -9.0214720e-02
   5.0251350e-01
  -1.0111013e-01
   4.9923734e-01
  -1.0227190e-01
   4.5726580e-01
  -9.8344390e-02
   4.0434443e-01
  -9.8156167e-02
   3.7255099e-01
  -1.0791927e-01
   3.7564976e-01
  -1.2579381e-01
   4.0054363e-01
  -1.4233822e-01
   4.1797142e-01
  -1.4714324e-01
   4.0420868e-01
  -1.3705667e-01
   3.5816837e-01
  -1.1961451e-01
   3.0187711e-01
  -1.0833235e-01
   2.6419289e-01
  -1.1253185e-01
   2.5950575e-01
  -1.2903351e-01
   2.7674947e-01
  -1.4256953e-01
   2.8683635e-01
  -1.3590722e-01
   2.6359443e-01
  -1.0325342e-01
   2.0350314e-01
  -5.6981246e-02
   1.2988062e-01
  -2.1245048e-02
   7.7619104e-02
  -1.4904972e-02
   6.8072429e-02
  -3.4525327e-02
   9.1042704e-02
  -4.9913664e-02
   1.0683728e-01
  -1.7715635e-02
   6.8519663e-02
   9.3106589e-02
  -4.8819437e-02
   2.7890364e-01
  -2.2993017e-01
   4.9674177e-01
  -4.2396401e-01
   6.8225407e-01
  -5.6938557e-01
   7.8090973e-01
  -6.2464389e-01
   7.7499283e-01
  -5.8704671e-01
   6.9071532e-01
  -4.9006605e-01
   5.8171673e-01
  -3.8245706e-01
   4.9929375e-01
  -3.0266886e-01
   4.6713849e-01
  -2.6315849e-01
   4.7460038e-01
  -2.5156390e-01
   4.9029353e-01
  -2.4489716e-01
   4.8537851e-01
  -2.2599006e-01
   4.5104222e-01
  -1.9211362e-01
   4.0015188e-01
  -1.5244606e-01
   3.5443914e-01
  -1.1866376e-01
   3.2788235e-01
  -9.6366777e-02
   3.1813750e-01
  -8.2803395e-02
   3.1083008e-01
  -7.0926921e-02
   2.9186589e-01
  -5.5457812e-02
   2.5770092e-01
  -3.6159414e-02
   2.1613662e-01
  -1.6590856e-02
   1.7816509e-01
  -3.3144915e-04
   1.4834489e-01
   1.1815012e-02
   1.2182737e-01
   2.1616220e-02
   9.0172292e-02
   3.1037088e-02
   5.0375141e-02
   4.0232556e-02
   8.3971742e-03
   4.7727869e-02
  -2.7217723e-02
   5.2330458e-02
  -5.7348706e-02
   5.4621826e-02
  -9.9345284e-02
   5.6301620e-02
  -1.8022415e-01
   5.7827317e-02
  -3.1664709e-01
   5.6746721e-02
  -4.9338885e-01
   4.8973472e-02
  -6.5636095e-01
   3.2860715e-02
  -7.2957819e-01
   1.3131594e-02
  -6.5091872e-01
   9.5882222e-04
  -4.0822848e-01
   8.7664761e-03
  -5.4393047e-02
   4.2264729e-02
   3.0965092e-01
   9.4905847e-02
   5.7703648e-01
   1.4909880e-01
   6.8061854e-01
   1.8435692e-01
   6.1832803e-01
   1.8782367e-01
   4.4607990e-01
   1.6071067e-01
   2.4446063e-01
   1.1662484e-01
   7.9253070e-02
   7.3014628e-02
  -2.2900729e-02
   4.1408093e-02
  -7.3615424e-02
   2.2633452e-02
  -1.0240412e-01
   9.4718443e-03
  -1.3289708e-01
  -6.0743025e-03
  -1.7067817e-01
  -2.6682957e-02
  -2.0744612e-01
  -4.9141237e-02
  -2.3441934e-01
  -6.9023306e-02
  -2.5271949e-01
  -8.6107909e-02
  -2.7270506e-01
  -1.0551204e-01
  -3.0391615e-01
  -1.3318686e-01
  -3.4491522e-01
  -1.6944168e-01
  -3.8229505e-01
  -2.0646791e-01
  -4.0072980e-01
  -2.3325230e-01
  -3.9685895e-01
  -2.4535718e-01
  -3.8590604e-01
  -2.5219056e-01
  -3.9435368e-01
  -2.7466423e-01
  -4.4182295e-01
  -3.3214563e-01
  -5.2367520e-01
  -4.2565807e-01
  -6.0673398e-01
  -5.2868529e-01
  -6.4292149e-01
  -5.9394802e-01
  -5.9428132e-01
  -5.7521972e-01
  -4.5515854e-01
  -4.5321658e-01
  -2.5827995e-01
  -2.5044477e-01
  -6.0608099e-02
  -2.4877711e-02
   8.3510300e-02
   1.5598203e-01
   1.4728332e-01
   2.4756205e-01
   1.4138120e-01
   2.4971935e-01
   1.0449873e-01
   2.0536687e-01
   8.0878993e-02
   1.7669536e-01
   9.7436318e-02
   2.1153615e-01
   1.5208120e-01
   3.1743433e-01
   2.1783050e-01
   4.5650567e-01
   2.5878362e-01
   5.6308822e-01
   2.4871190e-01
   5.7483060e-01
   1.8307097e-01
   4.6197496e-01
   7.9739842e-02
   2.4148248e-01
  -3.0288070e-02
  -2.9545396e-02
  -1.1674346e-01
  -2.7730265e-01
  -1.6185251e-01
  -4.4096108e-01
  -1.6535686e-01
  -4.9613505e-01
  -1.4159983e-01
  -4.6270255e-01
  -1.1093537e-01
  -3.9390534e-01
  -8.9829879e-02
  -3.5105714e-01
  -8.4181843e-02
  -3.7423723e-01
  -8.8620547e-02
  -4.6175933e-01
  -9.1586346e-02
  -5.6845152e-01
  -8.3136126e-02
  -6.2507643e-01
  -6.1087563e-02
  -5.7125897e-01
  -3.2139012e-02
  -3.8672449e-01
  -7.5626743e-03
  -1.0496830e-01
   3.6784325e-03
   1.9881620e-01
  -4.3497181e-17
   4.4076125e-01
  -1.2693369e-02
   5.6604398e-01
  -2.5686381e-02
   5.7183176e-01
  -3.3532009e-02
   5.0355582e-01
  -3.7252369e-02
   4.2720312e-01
  -4.2507968e-02
   3.9361897e-01
  -5.4276384e-02
   4.1487513e-01
  -7.2188275e-02
   4.6500475e-01
  -9.0214720e-02
   5.0251350e-01
  -1.0111013e-01
   4.9923734e-01
  -1.0227190e-01
   4.5726580e-01
  -9.8344390e-02
   4.0434443e-01
  -9.8156167e-02
   3.7255099e-01
  -1.0791927e-01
   3.7564976e-01
  -1.2579381e-01
   4.0054363e-01
  -1.4233822e-01
   4.1797142e-01
  -1.4714324e-01
   4.0420868e-01
  -1.3705667e-01
   3.5816837e-01
  -1.1961451e-01
   3.0187711e-01
  -1.0833235e-01
   2.6419289e-01
  -1.1253185e-01
   2.5950575e-01
  -1.2903351e-01
   2.7674947e-01
  -1.4256953e-01
   2.8683635e-01
  -1.3590722e-01
   2.6359443e-01
  -1.0325342e-01
   2.0350314e-01
  -5.6981246e-02
   1.2988062e-01
  -2.1245048e-02
   7.7619104e-02
  -1.4904972e-02
   6.8072429e-02
  -3.4525327e-02
   9.1042704e-02
  -4.9913664e-02
   1.0683728e-01
  -1.7715635e-02
   6.8519663e-02
   9.3106589e-02
  -4.8819437e-02
   2.7890364e-01
  -2.2993017e-01
   4.9674177e-01
  -4.2396401e-01
   6.8225407e-01
  -5.6938557e-01
   7.8090973e-01
  -6.2464389e-01
   7.7499283e-01
  -5.8704671e-01
   6.9071532e-01
  -4.9006605e-01
   5.8171673e-01
  -3.8245706e-01
   4.9929375e-01
  -3.0266886e-01
   4.6713849e-01
  -2.6315849e-01
   4.7460038e-01
  -2.5156390e-01
   4.9029353e-01
  -2.4489716e-01
   4.8537851e-01
  -2.2599006e-01
   4.5104222e-01
  -1.9211362e-01
   4.0015188e-01
  -1.5244606e-01
   3.5443914e-01
  -1.1866376e-01
   3.2788235e-01
  -9.6366777e-02
   3.1813750e-01
  -8.2803395e-02
   3.1083008e-01
  -7.0926921e-02
   2.9186589e-01
  -5.5457812e-02
   2.5770092e-01
  -3.6159414e-02
   2.1613662e-01
  -1.6590856e-02
   1.7816509e-01
  -3.3144915e-04
   1.4834489e-01
   1.1815012e-02
   1.2182737e-01
   2.1616220e-02
   9.0172292e-02
   3.1037088e-02
   5.0375141e-02
   4.0232556e-02
   8.3971742e-03
   4.7727869e-02
  -2.7217723e-02
   5.2330458e-02
  -5.7348706e-02
   5.4621826e-02
  -9.9345284e-02
   5.6301620e-02
  -1.8022415e-01
   5.7827317e-02
  -3.1664709e-01
   5.6746721e-02
  -4.9338885e-01
   4.8973472e-02
  -6.5636095e-01
   3.2860715e-02
  -7.2957819e-01
   1.3131594e-02
  -6.5091872e-01
   9.5882222e-04
  -4.0822848e-01
   8.7664761e-03
  -5.4393047e-02
   4.2264729e-02
   3.0965092e-01
   9.4905847e-02
   5.7703648e-01
   1.4909880e-01
   6.8061854e-01
   1.8435692e-01
   6.1832803e-01
   1.8782367e-01
   4.4607990e-01
   1.6071067e-01
   2.4446063e-01
   1.1662484e-01
   7.9253070e-02
   7.3014628e-02
  -2.2900729e-02
   4.1408093e-02
  -7.3615424e-02
   2.2633452e-02
  -1.0240412e-01
   9.4718443e-03
  -1.3289708e-01
  -6.0743025e-03
  -1.7067817e-01
  -2.6682957e-02
  -2.0744612e-01
  -4.9141237e-02
  -2.3441934e-01
  -6.9023306e-02
  -2.5271949e-01
  -8.6107909e-02
  -2.7270506e-01
  -1.0551204e-01
  -3.0391615e-01
  -1.3318686e-01
  -3.4491522e-01
  -1.6944168e-01
  -3.8229505e-01
  -2.0646791e-01
  -4.0072980e-01
  -2.3325230e-01
  -3.9685895e-01
  -2.4535718e-01
  -3.8590604e-01
  -2.5219056e-01
  -3.9435368e-01
  -2.7466423e-01
  -4.4182295e-01
  -3.3214563e-01
  -5.2367520e-01
  -4.2565807e-01
  -6.0673398e-01
  -5.2868529e-01
  -6.4292149e-01
  -5.9394802e-01
  -5.9428132e-01
  -5.7521972e-01
  -4.5515854e-01
  -4.5321658e-01
  -2.5827995e-01
  -2.5044477e-01
  -6.0608099e-02
  -2.4877711e-02
   8.3510300e-02
   1.5598203e-01
   1.4728332e-01
   2.4756205e-01
   1.4138120e-01
   2.4971935e-01
   1.0449873e-01
   2.0536687e-01
   8.0878993e-02
   1.7669536e-01
   9.7436318e-02
   2.1153615e-01
   1.5208120e-01
   3.1743433e-01
   2.1783050e-01
   4.5650567e-01
   2.5878362e-01
   5.6308822e-01
   2.4871190e-01
   5.7483060e-01
   1.8307097e-01
   4.6197496e-01
   7.9739842e-02
   2.4148248e-01
  -3.0288070e-02
  -2.9545396e-02
  -1.1674346e-01
  -2.7730265e-01
  -1.6185251e-01
  -4.4096108e-01
  -1.6535686e-01
  -4.9613505e-01
  -1.4159983e-01
  -4.6270255e-01
  -1.1093537e-01
  -3.9390534e-01
  -8.9829879e-02
  -3.5105714e-01
  -8.4181843e-02
  -3.7423723e-01
  -8.8620547e-02
  -4.6175933e-01
  -9.1586346e-02
  -5.6845152e-01
  -8.3136126e-02
  -6.2507643e-01
  -6.1087563e-02
  -5.7125897e-01
  -3.2139012e-02
  -3.8672449e-01
  -7.5626743e-03
  -1.0496830e-01
   3.6784325e-03
   1.9881620e-01
  -4.3497181e-17
   4.4076125e-01
  -1.2693369e-02
   5.6604398e-01
  -2.5686381e-02
   5.7183176e-01
  -3.3532009e-02
   5.0355582e-01
  -3.7252369e-02
   4.2720312e-01
  -4.2507968e-02
   3.9361897e-01
  -5.4276384e-02
   4.1487513e-01
  -7.2188275e-02
   4.6500475e-01
  -9.0214720e-02
   5.0251350e-01
  -1.0111013e-01
   4.9923734e-01
  -1.0227190e-01
   4.5726580e-01
  -9.8344390e-02
   4.0434443e-01
  -9.8156167e-02
   3.7255099e-01
  -1.0791927e-01
   3.7564976e-01
  -1.2579381e-01
   4.0054363e-01
  -1.4233822e-01
   4.1797142e-01
  -1.4714324e-01
   4.0420868e-01
  -1.3705667e-01
   3.5816837e-01
  -1.1961451e-01
   3.0187711e-01
  -1.0833235e-01
   2.6419289e-01
  -1.1253185e-01
   2.5950575e-01
  -1.2903351e-01
   2.7674947e-01
  -1.4256953e-01
   2.8683635e-01
  -1.3590722e-01
   2.6359443e-01
  -1.0325342e-01
   2.0350314e-01
  -5.6981246e-02
   1.2988062e-01
  -2.1245048e-02
   7.7619104e-02
  -1.4904972e-02
   6.8072429e-02
  -3.4525327e-02
   9.1042704e-02
  -4.9913664e-02
   1.0683728e-01
  -1.7715635e-02
   6.8519663e-02
   9.3106589e-02
  -4.8819437e-02
   2.7890364e-01
  -2.2993017e-01
   4.9674177e-01
  -4.2396401e-01
   6.8225407e-01
  -5.6938557e-01
   7.8090973e-01
  -6.2464389e-01
   7.7499283e-01
  -5.8704671e-01
   6.9071532e-01
  -4.9006605e-01
   5.8171673e-01
  -3.8245706e-01
   4.9929375e-01
  -3.0266886e-01
   4.6713849e-01
  -2.6315849e-01
   4.7460038e-01
  -2.5156390e-01
   4.9029353e-01
  -2.4489716e-01
   4.8537851e-01
  -2.2599006e-01
   4.5104222e-01
  -1.9211362e-01
   4.0015188e-01
  -1.5244606e-01
   3.5443914e-01
  -1.1866376e-01
   3.2788235e-01
  -9.6366777e-02
   3.1813750e-01
  -8.2803395e-02
   3.1083008e-01
  -7.0926921e-02
   2.9186589e-01
  -5.5457812e-02
   2.5770092e-01
  -3.6159414e-02
   2.1613662e-01
  -1.6590856e-02
   1.7816509e-01
  -3.3144915e-04
   1.4834489e-01
   1.1815012e-02
   1.2182737e-01
   2.1616220e-02
   9.0172292e-02
   3.1037088e-02
   5.0375141e-02
   4.0232556e-02
   8.3971742e-03
   4.7727869e-02
  -2.7217723e-02
   5.2330458e-02
  -5.7348706e-02
   5.4621826e-02
  -9.9345284e-02
   5.6301620e-02
  -1.8022415e-01
   5.7827317e-02
  -3.1664709e-01
   5.6746721e-02
  -4.9338885e-01
   4.8973472e-02
  -6.5636095e-01
   3.2860715e-02
  -7.2957819e-01
   1.3131594e-02
  -6.5091872e-01
   9.5882222e-04
  -4.0822848e-01
   8.7664761e-03
  -5.4393047e-02
   4.2264729e-02
   3.0965092e-01
   9.4905847e-02
   5.7703648e-01
   1.4909880e-01
   6.8061854e-01
   1.8435692e-01
   6.1832803e-01
   1.8782367e-01
   4.4607990e-01
   1.6071067e-01
   2.4446063e-01
   1.1662484e-01
   7.9253070e-02
   7.3014628e-02
  -2.2900729e-02
   4.1408093e-02
  -7.3615424e-02
   2.2633452e-02
  -1.0240412e-01
   9.4718443e-03
  -1.3289708e-01
  -6.0743025e-03
  -1.7067817e-01
  -2.6682957e-02
  -2.0744612e-01
  -4.9141237e-02
  -2.3441934e-01
  -6.9023306e-02
  -2.5271949e-01
  -8.6107909e-02
  -2.7270506e-01
  -1.0551204e-01
  -3.0391615e-01
  -1.3318686e-01
  -3.4491522e-01
  -1.6944168e-01
  -3.8229505e-01
  -2.0646791e-01
  -4.0072980e-01
  -2.3325230e-01
  -3.9685895e-01
  -2.4535718e-01
  -3.8590604e-01
  -2.5219056e-01
  -3.9435368e-01
  -2.7466423e-01
  -4.4182295e-01
  -3.3214563e-01
  -5.2367520e-01
  -4.2565807e-01
  -6.0673398e-01
  -5.2868529e-01
  -6.4292149e-01
  -5.9394802e-01
  -5.9428132e-01
  -5.7521972e-01
  -4.5515854e-01
  -4.5321658e-01
  -2.5827995e-01
  -2.5044477e-01
  -6.0608099e-02
  -2.4877711e-02
   8.3510300e-02
   1.5598203e-01
   1.4728332e-01
   2.4756205e-01
   1.4138120e-01
   2.4971935e-01
   1.0449873e-01
   2.0536687e-01
   8.0878993e-02
   1.7669536e-01
   9.7436318e-02
   2.1153615e-01
   1.5208120e-01
   3.1743433e-01
   2.1783050e-01
   4.5650567e-01
   2.5878362e-01
   5.6308822e-01
   2.4871190e-01
   5.7483060e-01
   1.8307097e-01
   4.6197496e-01
   7.9739842e-02
   2.4148248e-01
  -3.0288070e-02
  -2.9545396e-02
  -1.1674346e-01
  -2.7730265e-01
  -1.6185251e-01
  -4.4096108e-01
  -1.6535686e-01
  -4.9613505e-01
  -1.4159983e-01
  -4.6270255e-01
  -1.1093537e-01
  -3.9390534e-01
  -8.9829879e-02
  -3.5105714e-01
  -8.4181843e-02
  -3.7423723e-01
  -8.8620547e-02
  -4.6175933e-01
  -9.1586346e-02
  -5.6845152e-01
  -8.3136126e-02
  -6.2507643e-01
  -6.1087563e-02
  -5.7125897e-01
  -3.2139012e-02
  -3.8672449e-01
  -7.5626743e-03
  -1.0496830e-01
   3.6784325e-03
   1.9881620e-01
  -4.3497181e-17
   4.4076125e-01
  -1.2693369e-02
   5.6604398e-01
  -2.5686381e-02
   5.7183176e-01
  -3.3532009e-02
   5.0355582e-01
  -3.7252369e-02
   4.2720312e-01
  -4.2507968e-02
   3.9361897e-01
  -5.4276384e-02
   4.1487513e-01
  -7.2188275e-02
   4.6500475e-01
  -9.0214720e-02
   5.0251350e-01
  -1.0111013e-01
   4.9923734e-01
  -1.0227190e-01
   4.5726580e-01
  -9.8344390e-02
   4.0434443e-01
  -9.8156167e-02
   3.7255099e-01
  -1.0791927e-01
   3.7564976e-01
  -1.2579381e-01
   4.0054363e-01
  -1.4233822e-01
   4.1797142e-01
  -1.4714324e-01
   4.0420868e-01
  -1.3705667e-01
   3.5816837e-01
  -1.1961451e-01
   3.0187711e-01
  -1.0833235e-01
   2.6419289e-01
  -1.1253185e-01
   2.5950575e-01
  -1.2903351e-01
   2.7674947e-01
  -1.4256953e-01
   2.8683635e-01
  -1.3590722e-01
   2.6359443e-01
  -1.0325342e-01
   2.0350314e-01
  -5.6981246e-02
   1.2988062e-01
  -2.1245048e-02
   7.7619104e-02
  -1.4904972e-02
   6.8072429e-02
  -3.4525327e-02
   9.1042704e-02
  -4.9913664e-02
   1.0683728e-01
  -1.7715635e-02
   6.8519663e-02
   9.3106589e-02
  -4.8819437e-02
   2.7890364e-01
  -2.2993017e-01
   4.9674177e-01
  -4.2396401e-01
   6.8225407e-01
  -5.6938557e-01
   7.8090973e-01
  -6.2464389e-01
   7.7499283e-01
  -5.8704671e-01
   6.9071532e-01
  -4.9006605e-01
   5.8171673e-01
  -3.8245706e-01
   4.9929375e-01
  -3.0266886e-01
   4.6713849e-01
  -2.6315849e-01
   4.7460038e-01
  -2.5156390e-01
   4.9029353e-01
  -2.4489716e-01
   4.8537851e-01
  -2.2599006e-01
   4.5104222e-01
  -1.9211362e-01
   4.0015188e-01
  -1.5244606e-01
   3.5443914e-01
  -1.1866376e-01
   3.2788235e-01
  -9.6366777e-02
   3.1813750e-01
  -8.2803395e-02
   3.1083008e-01
  -7.0926921e-02
   2.9186589e-01
  -5.5457812e-02
   2.5770092e-01
  -3.6159414e-02
   2.1613662e-01
  -1.6590856e-02
   1.7816509e-01
  -3.3144915e-04
   1.4834489e-01
   1.1815012e-02
   1.2182737e-01
   2.1616220e-02
   9.0172292e-02
   3.1037088e-02
   5.0375141e-02
   4.0232556e-02
   8.3971742e-03
   4.7727869e-02
  -2.7217723e-02
   5.2330458e-02
  -5.7348706e-02
   5.4621826e-02
  -9.9345284e-02
   5.6301620e-02
  -1.8022415e-01
   5.7827317e-02
  -3.1664709e-01
   5.6746721e-02
  -4.9338885e-01
   4.8973472e-02
  -6.5636095e-01
   3.2860715e-02
  -7.2957819e-01
   1.3131594e-02
  -6.5091872e-01
   9.5882222e-04
  -4.0822848e-01
   8.7664761e-03
  -5.4393047e-02
   4.2264729e-02
   3.0965092e-01
   9.4905847e-02
   5.7703648e-01
   1.4909880e-01
   6.8061854e-01
   1.8435692e-01
   6.1832803e-01
   1.8782367e-01
   4.4607990e-01
   1.6071067e-01
   2.4446063e-01
   1.1662484e-01
   7.9253070e-02
   7.3014628e-02
  -2.2900729e-02
   4.1408093e-02
  -7.3615424e-02
   2.2633452e-02
  -1.0240412e-01
   9.4718443e-03
  -1.3289708e-01
  -6.0743025e-03
  -1.7067817e-01
  -2.6682957e-02
  -2.0744612e-01
  -4.9141237e-02
  -2.3441934e-01
  -6.9023306e-02
  -2.5271949e-01
  -8.6107909e-02
  -2.7270506e-01
  -1.0551204e-01
  -3.0391615e-01
  -1.3318686e-01
  -3.4491522e-01
  -1.6944168e-01
  -3.8229505e-01
  -2.0646791e-01
  -4.0072980e-01
  -2.3325230e-01
  -3.9685895e-01
  -2.4535718e-01
  -3.8590604e-01
  -2.5219056e-01
  -3.9435368e-01
  -2.7466423e-01
  -4.4182295e-01
  -3.3214563e-01
  -5.2367520e-01
  -4.2565807e-01
  -6.0673398e-01
  -5.2868529e-01
  -6.4292149e-01
  -5.9394802e-01
  -5.9428132e-01
  -5.7521972e-01
  -4.5515854e-01
  -4.5321658e-01
  -2.5827995e-01
  -2.5044477e-01
  -6.0608099e-02
  -2.4877711e-02
   8.3510300e-02
   1.5598203e-01
   1.4728332e-01
   2.4756205e-01
   1.4138120e-01
   2.4971935e-01
   1.0449873e-01
   2.0536687e-01
   8.0878993e-02
   1.7669536e-01
   9.7436318e-02
   2.1153615e-01
   1.5208120e-01
   3.1743433e-01
   2.1783050e-01
   4.5650567e-01
   2.5878362e-01
   5.6308822e-01
   2.4871190e-01
   5.7483060e-01
   1.8307097e-01
   4.6197496e-01
   7.9739842e-02
   2.4148248e-01
  -3.0288070e-02
  -2.9545396e-02
  -1.1674346e-01
  -2.7730265e-01
  -1.6185251e-01
  -4.4096108e-01
  -1.6535686e-01
  -4.9613505e-01
  -1.4159983e-01
  -4.6270255e-01
  -1.1093537e-01
  -3.9390534e-01
  -8.9829879e-02
  -3.5105714e-01
  -8.4181843e-02
  -3.7423723e-01
  -8.8620547e-02
  -4.6175933e-01
  -9.1586346e-02
  -5.6845152e-01
  -8.3136126e-02
  -6.2507643e-01
  -6.1087563e-02
  -5.7125897e-01
  -3.2139012e-02
  -3.8672449e-01
  -7.5626743e-03
  -1.0496830e-01
   3.6784325e-03
   1.9881620e-01
  -4.3497181e-17
   4.4076125e-01
  -1.2693369e-02
   5.6604398e-01
  -2.5686381e-02
   5.7183176e-01
  -3.3532009e-02
   5.0355582e-01
  -3.7252369e-02
   4.2720312e-01
  -4.2507968e-02
   3.9361897e-01
  -5.4276384e-02
   4.1487513e-01
  -7.2188275e-02
   4.6500475e-01
  -9.0214720e-02
   5.0251350e-01
  -1.0111013e-01
   4.9923734e-01
  -1.0227190e-01
   4.5726580e-01
  -9.8344390e-02
   4.0434443e-01
  -9.8156167e-02
   3.7255099e-01
  -1.0791927e-01
   3.7564976e-01
  -1.2579381e-01
   4.0054363e-01
  -1.4233822e-01
   4.1797142e-01
  -1.4714324e-01
   4.0420868e-01
  -1.3705667e-01
   3.5816837e-01
  -1.1961451e-01
   3.0187711e-01
  -1.0833235e-01
   2.6419289e-01
  -1.1253185e-01
   2.5950575e-01
  -1.2903351e-01
   2.7674947e-01
  -1.4256953e-01
   2.8683635e-01
  -1.3590722e-01
   2.6359443e-01
  -1.0325342e-01
   2.0350314e-01
  -5.6981246e-02
   1.2988062e-01
  -2.1245048e-02
   7.7619104e-02
  -1.4904972e-02
   6.8072429e-02
  -3.4525327e-02
   9.1042704e-02
  -4.9913664e-02
   1.0683728e-01
  -1.7715635e-02
   6.8519663e-02
   9.3106589e-02
  -4.8819437e-02
   2.7890364e-01
  -2.2993017e-01
   4.9674177e-01
  -4.2396401e-01
   6.8225407e-01
  -5.6938557e-01
   7.8090973e-01
  -6.2464389e-01
   7.7499283e-01
  -5.8704671e-01
   6.9071532e-01
  -4.9006605e-01
   5.8171673e-01
  -3.8245706e-01
   4.9929375e-01
  -3.0266886e-01
   4.6713849e-01
  -2.6315849e-01
   4.7460038e-01
  -2.5156390e-01
   4.9029353e-01
  -2.4489716e-01
   4.8537851e-01
  -2.2599006e-01
   4.5104222e-01
  -1.9211362e-01
   4.0015188e-01
  -1.5244606e-01
   3.5443914e-01
  -1.1866376e-01
   3.2788235e-01
  -9.6366777e-02
   3.1813750e-01
  -8.2803395e-02
   3.1083008e-01
  -7.0926921e-02
   2.9186589e-01
  -5.5457812e-02
   2.5770092e-01
  -3.6159414e-02
   2.1613662e-01
  -1.6590856e-02
   1.7816509e-01
  -3.3144915e-04
   1.4834489e-01
   1.1815012e-02
   1.2182737e-01
   2.1616220e-02
   9.0172292e-02
   3.1037088e-02
   5.0375141e-02
   4.0232556e-02
   8.3971742e-03
   4.7727869e-02
  -2.7217723e-02
   5.2330458e-02
  -5.7348706e-02
   5.4621826e-02
  -9.9345284e-02
   5.6301620e-02
  -1.8022415e-01
   5.7827317e-02
  -3.1664709e-01
   5.6746721e-02
  -4.9338885e-01
   4.8973472e-02
  -6.5636095e-01
   3.2860715e-02
  -7.2957819e-01
   1.3131594e-02
  -6.5091872e-01
   9.5882222e-04
  -4.0822848e-01
   8.7664761e-03
  -5.4393047e-02
   4.2264729e-02
   3.0965092e-01
   9.4905847e-02
   5.7703648e-01
   1.4909880e-01
   6.8061854e-01
   1.8435692e-01
   6.1832803e-01
   1.8782367e-01
   4.4607990e-01
   1.6071067e-01
   2.4446063e-01
   1.1662484e-01
   7.9253070e-02
   7.3014628e-02
  -2.2900729e-02
   4.1408093e-02
  -7.3615424e-02
   2.2633452e-02
  -1.0240412e-01
   9.4718443e-03
  -1.3289708e-01
  -6.0743025e-03
  -1.7067817e-01
  -2.6682957e-02
  -2.0744612e-01
  -4.9141237e-02
  -2.3441934e-01
  -6.9023306e-02
  -2.5271949e-01
  -8.6107909e-02
  -2.7270506e-01
  -1.0551204e-01
  -3.0391615e-01
  -1.3318686e-01
  -3.4491522e-01
  -1.6944168e-01
  -3.8229505e-01
  -2.0646791e-01
  -4.0072980e-01
  -2.3325230e-01
  -3.9685895e-01
  -2.4535718e-01
  -3.8590604e-01
  -2.5219056e-01
  -3.9435368e-01
  -2.7466423e-01
  -4.4182295e-01
  -3.3214563e-01
  -5.2367520e-01
  -4.2565807e-01
  -6.0673398e-01
  -5.2868529e-01
  -6.4292149e-01
  -5.9394802e-01
  -5.9428132e-01
  -5.7521972e-01
  -4.5515854e-01
  -4.5321658e-01
  -2.5827995e-01
  -2.5044477e-01
  -6.0608099e-02
  -2.4877711e-02
   8.3510300e-02
   1.5598203e-01
   1.4728332e-01
   2.4756205e-01
   1.4138120e-01
   2.4971935e-01
   1.0449873e-01
   2.0536687e-01
   8.0878993e-02
   1.7669536e-01
   9.7436318e-02
   2.1153615e-01
   1.5208120e-01
   3.1743433e-01
   2.1783050e-01
   4.5650567e-01
   2.5878362e-01
   5.6308822e-01
   2.4871190e-01
   5.7483060e-01
   1.8307097e-01
   4.6197496e-01
   7.9739842e-02
   2.4148248e-01
  -3.0288070e-02
  -2.9545396e-02
  -1.1674346e-01
  -2.7730265e-01
  -1.6185251e-01
  -4.4096108e-01
  -1.6535686e-01
  -4.9613505e-01
  -1.4159983e-01
  -4.6270255e-01
  -1.1093537e-01
  -3.9390534e-01
  -8.9829879e-02
  -3.5105714e-01
  -8.4181843e-02
  -3.7423723e-01
  -8.8620547e-02
  -4.6175933e-01
  -9.1586346e-02
  -5.6845152e-01
  -8.3136126e-02
  -6.2507643e-01
  -6.1087563e-02
  -5.7125897e-01
  -3.2139012e-02
  -3.8672449e-01
  -7.5626743e-03
  -1.0496830e-01
   3.6784325e-03
   1.9881620e-01
  -4.3497181e-17
   4.4076125e-01
  -1.2693369e-02
   5.6604398e-01
  -2.5686381e-02
   5.7183176e-01
  -3.3532009e-02
   5.0355582e-01
  -3.7252369e-02
   4.2720312e-01
  -4.2507968e-02
   3.9361897e-01
  -5.4276384e-02
   4.1487513e-01
  -7.2188275e-02
   4.6500475e-01
  -9.0214720e-02
   5.0251350e-01
  -1.0111013e-01
   4.9923734e-01
  -1.0227190e-01
   4.5726580e-01
  -9.8344390e-02
   4.0434443e-01
  -9.8156167e-02
   3.7255099e-01
  -1.0791927e-01
   3.7564976e-01
  -1.2579381e-01
   4.0054363e-01
  -1.4233822e-01
   4.1797142e-01
  -1.4714324e-01
   4.0420868e-01
  -1.3705667e-01
   3.5816837e-01
  -1.1961451e-01
   3.0187711e-01
  -1.0833235e-01
   2.6419289e-01
  -1.1253185e-01
   2.5950575e-01
  -1.2903351e-01
   2.7674947e-01
  -1.4256953e-01
   2.8683635e-01
  -1.3590722e-01
   2.6359443e-01
  -1.0325342e-01
   2.0350314e-01
  -5.6981246e-02
   1.2988062e-01
  -2.1245048e-02
   7.7619104e-02
  -1.4904972e-02
   6.8072429e-02
  -3.4525327e-02
   9.1042704e-02
  -4.9913664e-02
   1.0683728e-01
  -1.7715635e-02
   6.8519663e-02
   9.3106589e-02
  -4.8819437e-02
   2.7890364e-01
  -2.2993017e-01
   4.9674177e-01
  -4.2396401e-01
   6.8225407e-01
  -5.6938557e-01
   7.8090973e-01
  -6.2464389e-01
   7.7499283e-01
  -5.8704671e-01
   6.9071532e-01
  -4.9006605e-01
   5.8171673e-01
  -3.8245706e-01
   4.9929375e-01
  -3.0266886e-01
   4.6713849e-01
  -2.6315849e-01
   4.7460038e-01
  -2.5156390e-01
   4.9029353e-01
  -2.4489716e-01
   4.8537851e-01
  -2.2599006e-01
   4.5104222e-01
  -1.9211362e-01
   4.0015188e-01
  -1.5244606e-01
   3.5443914e-01
  -1.1866376e-01
   3.2788235e-01
  -9.6366777e-02
   3.1813750e-01
  -8.2803395e-02
   3.1083008e-01
  -7.0926921e-02
   2.9186589e-01
  -5.5457812e-02
   2.5770092e-01
  -3.6159414e-02
   2.1613662e-01
  -1.6590856e-02
   1.7816509e-01
  -3.3144915e-04
   1.4834489e-01
   1.1815012e-02
   1.2182737e-01
   2.1616220e-02
   9.0172292e-02
   3.1037088e-02
   5.0375141e-02
   4.0232556e-02
   8.3971742e-03
   4.7727869e-02
  -2.7217723e-02
   5.2330458e-02
  -5.7348706e-02
   5.4621826e-02
  -9.9345284e-02
   5.6301620e-02
  -1.8022415e-01
   5.7827317e-02
  -3.1664709e-01
   5.6746721e-02
  -4.9338885e-01
   4.8973472e-02
  -6.5636095e-01
   3.2860715e-02
  -7.2957819e-01
   1.3131594e-02
  -6.5091872e-01
   9.5882222e-04
  -4.0822848e-01
   8.7664761e-03
  -5.4393047e-02
   4.2264729e-02
   3.0965092e-01
   9.4905847e-02
   5.7703648e-01
   1.4909880e-01
   6.8061854e-01
   1.8435692e-01
   6.1832803e-01
   1.8782367e-01
   4.4607990e-01
   1.6071067e-01
   2.4446063e-01
   1.1662484e-01
   7.9253070e-02
   7.3014628e-02
  -2.2900729e-02
   4.1408093e-02
  -7.3615424e-02
   2.2633452e-02
  -1.0240412e-01
   9.4718443e-03
  -1.3289708e-01
  -6.0743025e-03
  -1.7067817e-01
  -2.6682957e-02
  -2.0744612e-01
  -4.9141237e-02
  -2.3441934e-01
  -6.9023306e-02
  -2.5271949e-01
  -8.6107909e-02
  -2.7270506e-01
  -1.0551204e-01
  -3.0391615e-01
  -1.3318686e-01
  -3.4491522e-01
  -1.6944168e-01
  -3.8229505e-01
  -2.0646791e-01
  -4.0072980e-01
  -2.3325230e-01
  -3.9685895e-01
  -2.4535718e-01
  -3.8590604e-01
  -2.5219056e-01
  -3.9435368e-01
  -2.7466423e-01
  -4.4182295e-01
  -3.3214563e-01
  -5.2367520e-01
  -4.2565807e-01
  -6.0673398e-01
  -5.2868529e-01
  -6.4292149e-01
  -5.9394802e-01
  -5.9428132e-01
  -5.7521972e-01
  -4.5515854e-01
  -4.5321658e-01
  -2.5827995e-01
  -2.5044477e-01
  -6.0608099e-02
  -2.4877711e-02
   8.3510300e-02
   1.5598203e-01
   1.4728332e-01
   2.4756205e-01
   1.4138120e-01
   2.4971935e-01
   1.0449873e-01
   2.0536687e-01
   8.0878993e-02
   1.7669536e-01
   9.7436318e-02
   2.1153615e-01
   1.5208120e-01
   3.1743433e-01
   2.1783050e-01
   4.5650567e-01
   2.5878362e-01
   5.6308822e-01
   2.4871190e-01
   5.7483060e-01
   1.8307097e-01
   4.6197496e-01
   7.9739842e-02
   2.4148248e-01
  -3.0288070e-02
  -2.9545396e-02
  -1.1674346e-01
  -2.7730265e-01
  -1.6185251e-01
  -4.4096108e-01
  -1.6535686e-01
  -4.9613505e-01
  -1.4159983e-01
  -4.6270255e-01
  -1.1093537e-01
  -3.9390534e-01
  -8.9829879e-02
  -3.5105714e-01
  -8.4181843e-02
  -3.7423723e-01
  -8.8620547e-02
  -4.6175933e-01
  -9.1586346e-02
  -5.6845152e-01
  -8.3136126e-02
  -6.2507643e-01
  -6.1087563e-02
  -5.7125897e-01
  -3.2139012e-02
  -3.8672449e-01
  -7.5626743e-03
  -1.0496830e-01
   3.6784325e-03
   1.9881620e-01
  -4.3497181e-17
   4.4076125e-01
  -1.2693369e-02
   5.6604398e-01
  -2.5686381e-02
   5.7183176e-01
  -3.3532009e-02
   5.0355582e-01
  -3.7252369e-02
   4.2720312e-01
  -4.2507968e-02
   3.9361897e-01
  -5.4276384e-02
   4.1487513e-01
  -7.2188275e-02
   4.6500475e-01
  -9.0214720e-02
   5.0251350e-01
  -1.0111013e-01
   4.9923734e-01
  -1.0227190e-01
   4.5726580e-01
  -9.8344390e-02
   4.0434443e-01
  -9.8156167e-02
   3.7255099e-01
  -1.0791927e-01
   3.7564976e-01
  -1.2579381e-01
   4.0054363e-01
  -1.4233822e-01
   4.1797142e-01
  -1.4714324e-01
   4.0420868e-01
  -1.3705667e-01
   3.5816837e-01
  -1.1961451e-01
   3.0187711e-01
  -1.0833235e-01
   2.6419289e-01
  -1.1253185e-01
   2.5950575e-01
  -1.2903351e-01
   2.7674947e-01
  -1.4256953e-01
   2.8683635e-01
  -1.3590722e-01
   2.6359443e-01
  -1.0325342e-01
   2.0350314e-01
  -5.6981246e-02
   1.2988062e-01
  -2.1245048e-02
   7.7619104e-02
  -1.4904972e-02
   6.8072429e-02
  -3.4525327e-02
   9.1042704e-02
  -4.9913664e-02
   1.0683728e-01
  -1.7715635e-02
   6.8519663e-02
   9.3106589e-02
  -4.8819437e-02
   2.7890364e-01
  -2.2993017e-01
   4.9674177e-01
  -4.2396401e-01
   6.8225407e-01
  -5.6938557e-01
   7.8090973e-01
  -6.2464389e-01
   7.7499283e-01
  -5.8704671e-01
   6.9071532e-01
  -4.9006605e-01
   5.8171673e-01
  -3.8245706e-01
   4.9929375e-01
  -3.0266886e-01
   4.6713849e-01
  -2.6315849e-01
   4.7460038e-01
  -2.5156390e-01
   4.9029353e-01
  -2.4489716e-01
   4.8537851e-01
  -2.2599006e-01
   4.5104222e-01
  -1.9211362e-01
   4.0015188e-01
  -1.5244606e-01
   3.5443914e-01
  -1.1866376e-01
   3.2788235e-01
  -9.6366777e-02
   3.1813750e-01
  -8.2803395e-02
   3.1083008e-01
  -7.0926921e-02
   2.9186589e-01
  -5.5457812e-02
   2.5770092e-01
  -3.6159414e-02
   2.1613662e-01
  -1.6590856e-02
   1.7816509e-01
  -3.3144915e-04
   1.4834489e-01
   1.1815012e-02
   1.2182737e-01
   2.1616220e-02
   9.0172292e-02
   3.1037088e-02
   5.0375141e-02
   4.0232556e-02
   8.3971742e-03
   4.7727869e-02
  -2.7217723e-02
   5.2330458e-02
  -5.7348706e-02
   5.4621826e-02
  -9.9345284e-02
   5.6301620e-02
  -1.8022415e-01
   5.7827317e-02
  -3.1664709e-01
   5.6746721e-02
  -4.9338885e-01
   4.8973472e-02
  -6.5636095e-01
   3.2860715e-02
  -7.2957819e-01
   1.3131594e-02
  -6.5091872e-01
   9.5882222e-04
  -4.0822848e-01
   8.7664761e-03
  -5.4393047e-02
   4.2264729e-02
   3.0965092e-01
   9.4905847e-02
   5.7703648e-01
   1.4909880e-01
   6.8061854e-01
   1.8435692e-01
   6.1832803e-01
   1.8782367e-01
   4.4607990e-01
   1.6071067e-01
   2.4446063e-01
   1.1662484e-01
   7.9253070e-02
   7.3014628e-02
  -2.2900729e-02
   4.1408093e-02
  -7.3615424e-02
   2.2633452e-02
  -1.0240412e-01
   9.4718443e-03
  -1.3289708e-01
  -6.0743025e-03
  -1.7067817e-01
  -2.6682957e-02
  -2.0744612e-01
  -4.9141237e-02
  -2.3441934e-01
  -6.9023306e-02
  -2.5271949e-01
  -8.6107909e-02
  -2.7270506e-01
  -1.0551204e-01
  -3.0391615e-01
  -1.3318686e-01
  -3.4491522e-01
  -1.6944168e-01
  -3.8229505e-01
  -2.0646791e-01
  -4.0072980e-01
  -2.3325230e-01
  -3.9685895e-01
  -2.4535718e-01
  -3.8590604e-01
  -2.5219056e-01
  -3.9435368e-01
  -2.7466423e-01
  -4.4182295e-01
  -3.3214563e-01
  -5.2367520e-01
  -4.2565807e-01
  -6.0673398e-01
  -5.2868529e-01
  -6.4292149e-01
  -5.9394802e-01
  -5.9428132e-01
  -5.7521972e-01
  -4.5515854e-01
  -4.5321658e-01
  -2.5827995e-01
  -2.5044477e-01
  -6.0608099e-02
  -2.4877711e-02
   8.3510300e-02
   1.5598203e-01
   1.4728332e-01
   2.4756205e-01
   1.4138120e-01
   2.4971935e-01
   1.0449873e-01
   2.0536687e-01
   8.0878993e-02
   1.7669536e-01
   9.7436318e-02
   2.1153615e-01
   1.5208120e-01
   3.1743433e-01
   2.1783050e-01
   4.5650567e-01
   2.5878362e-01
   5.6308822e-01
   2.4871190e-01
   5.7483060e-01
   1.8307097e-01
   4.6197496e-01
   7.9739842e-02
   2.4148248e-01
  -3.0288070e-02
  -2.9545396e-02
  -1.1674346e-01
  -2.7730265e-01
  -1.6185251e-01
  -4.4096108e-01
  -1.6535686e-01
  -4.9613505e-01
  -1.4159983e-01
  -4.6270255e-01
  -1.1093537e-01
  -3.9390534e-01
  -8.9829879e-02
  -3.5105714e-01
  -8.4181843e-02
  -3.7423723e-01
  -8.8620547e-02
  -4.6175933e-01
  -9.1586346e-02
  -5.6845152e-01
  -8.3136126e-02
  -6.2507643e-01
  -6.1087563e-02
  -5.7125897e-01
  -3.2139012e-02
  -3.8672449e-01
  -7.5626743e-03
  -1.0496830e-01
   3.6784325e-03
   1.9881620e-01
  -4.3497181e-17
   4.4076125e-01
  -1.2693369e-02
   5.6604398e-01
  -2.5686381e-02
   5.7183176e-01
  -3.3532009e-02
   5.0355582e-01
  -3.7252369e-02
   4.2720312e-01
  -4.2507968e-02
   3.9361897e-01
  -5.4276384e-02
   4.1487513e-01
  -7.2188275e-02
   4.6500475e-01
  -9.0214720e-02
   5.0251350e-01
  -1.0111013e-01
   4.9923734e-01
  -1.0227190e-01
   4.5726580e-01
  -9.8344390e-02
   4.0434443e-01
  -9.8156167e-02
   3.7255099e-01
  -1.0791927e-01
   3.7564976e-01
  -1.2579381e-01
   4.0054363e-01
  -1.4233822e-01
   4.1797142e-01
  -1.4714324e-01
   4.0420868e-01
  -1.3705667e-01
   3.5816837e-01
  -1.1961451e-01
   3.0187711e-01
  -1.0833235e-01
   2.6419289e-01
  -1.1253185e-01
   2.5950575e-01
  -1.2903351e-01
   2.7674947e-01
  -1.4256953e-01
   2.8683635e-01
  -1.3590722e-01
   2.6359443e-01
  -1.0325342e-01
   2.0350314e-01
  -5.6981246e-02
   1.2988062e-01
  -2.1245048e-02
   7.7619104e-02
  -1.4904972e-02
   6.8072429e-02
  -3.4525327e-02
   9.1042704e-02
  -4.9913664e-02
   1.0683728e-01
  -1.7715635e-02
   6.8519663e-02
   9.3106589e-02
  -4.8819437e-02
   2.7890364e-01
  -2.2993017e-01
   4.9674177e-01
  -4.2396401e-01
   6.8225407e-01
  -5.6938557e-01
   7.8090973e-01
  -6.2464389e-01
   7.7499283e-01
  -5.8704671e-01
   6.9071532e-01
  -4.9006605e-01
   5.8171673e-01
  -3.8245706e-01
   4.9929375e-01
  -3.0266886e-01
   4.6713849e-01
  -2.6315849e-01
   4.7460038e-01
  -2.5156390e-01
   4.9029353e-01
  -2.4489716e-01
   4.8537851e-01
  -2.2599006e-01
   4.5104222e-01
  -1.9211362e-01
   4.0015188e-01
  -1.5244606e-01
   3.5443914e-01
  -1.1866376e-01
   3.2788235e-01
  -9.6366777e-02
   3.1813750e-01
  -8.2803395e-02
   3.1083008e-01
  -7.0926921e-02
   2.9186589e-01
  -5.5457812e-02
   2.5770092e-01
  -3.6159414e-02
   2.1613662e-01
  -1.6590856e-02
   1.7816509e-01
  -3.3144915e-04
   1.4834489e-01
   1.1815012e-02
   1.2182737e-01
   2.1616220e-02
   9.0172292e-02
   3.1037088e-02
   5.0375141e-02
   4.0232556e-02
   8.3971742e-03
   4.7727869e-02
  -2.7217723e-02
   5.2330458e-02
  -5.7348706e-02
   5.4621826e-02
  -9.9345284e-02
   5.6301620e-02
  -1.8022415e-01
   5.7827317e-02
  -3.1664709e-01
   5.6746721e-02
  -4.9338885e-01
   4.8973472e-02
  -6.5636095e-01
   3.2860715e-02
  -7.2957819e-01
   1.3131594e-02
  -6.5091872e-01
   9.5882222e-04
  -4.0822848e-01
   8.7664761e-03
  -5.4393047e-02
   4.2264729e-02
   3.0965092e-01
   9.4905847e-02
   5.7703648e-01
   1.4909880e-01
   6.8061854e-01
   1.8435692e-01
   6.1832803e-01
   1.8782367e-01
   4.4607990e-01
   1.6071067e-01
   2.4446063e-01
   1.1662484e-01
   7.9253070e-02
   7.3014628e-02
  -2.2900729e-02
   4.1408093e-02
  -7.3615424e-02
   2.2633452e-02
  -1.0240412e-01
   9.4718443e-03
  -1.3289708e-01
  -6.0743025e-03
  -1.7067817e-01
  -2.6682957e-02
  -2.0744612e-01
  -4.9141237e-02
  -2.3441934e-01
  -6.9023306e-02
  -2.5271949e-01
  -8.6107909e-02
  -2.7270506e-01
  -1.0551204e-01
  -3.0391615e-01
  -1.3318686e-01
  -3.4491522e-01
  -1.6944168e-01
  -3.8229505e-01
  -2.0646791e-01
  -4.0072980e-01
  -2.3325230e-01
  -3.9685895e-01
  -2.4535718e-01
  -3.8590604e-01
  -2.5219056e-01
  -3.9435368e-01
  -2.7466423e-01
  -4.4182295e-01
  -3.3214563e-01
  -5.2367520e-01
  -4.2565807e-01
  -6.0673398e-01
  -5.2868529e-01
  -6.4292149e-01
  -5.9394802e-01
  -5.9428132e-01
  -5.7521972e-01
  -4.5515854e-01
  -4.5321658e-01
  -2.5827995e-01
  -2.5044477e-01
  -6.0608099e-02
  -2.4877711e-02
   8.3510300e-02
   1.5598203e-01
   1.4728332e-01
   2.4756205e-01
   1.4138120e-01
   2.4971935e-01
   1.0449873e-01
   2.0536687e-01
   8.0878993e-02
   1.7669536e-01
   9.7436318e-02
   2.1153615e-01
   1.5208120e-01
   3.1743433e-01
   2.1783050e-01
   4.5650567e-01
   2.5878362e-01
   5.6308822e-01
   2.4871190e-01
   5.7483060e-01
   1.8307097e-01
   4.6197496e-01
   7.9739842e-02
   2.4148248e-01
  -3.0288070e-02
  -2.9545396e-02
  -1.1674346e-01
  -2.7730265e-01
  -1.6185251e-01
  -4.4096108e-01
  -1.6535686e-01
  -4.9613505e-01
  -1.4159983e-01
  -4.6270255e-01
  -1.1093537e-01
  -3.9390534e-01
  -8.9829879e-02
  -3.5105714e-01
  -8.4181843e-02
  -3.7423723e-01
  -8.8620547e-02
  -4.6175933e-01
  -9.1586346e-02
  -5.6845152e-01
  -8.3136126e-02
  -6.2507643e-01
  -6.1087563e-02
  -5.7125897e-01
  -3.2139012e-02
  -3.8672449e-01
  -7.5626743e-03
  -1.0496830e-01
   3.6784325e-03
   1.9881620e-01
  -4.3497181e-17
   4.4076125e-01
  -1.2693369e-02
   5.6604398e-01
  -2.5686381e-02
   5.7183176e-01
  -3.3532009e-02
   5.0355582e-01
  -3.7252369e-02
   4.2720312e-01
  -4.2507968e-02
   3.9361897e-01
  -5.4276384e-02
   4.1487513e-01
  -7.2188275e-02
   4.6500475e-01
  -9.0214720e-02
   5.0251350e-01
  -1.0111013e-01
   4.9923734e-01
  -1.0227190e-01
   4.5726580e-01
  -9.8344390e-02
   4.0434443e-01
  -9.8156167e-02
   3.7255099e-01
  -1.0791927e-01
   3.7564976e-01
  -1.2579381e-01
   4.0054363e-01
  -1.4233822e-01
   4.1797142e-01
  -1.4714324e-01
   4.0420868e-01
  -1.3705667e-01
   3.5816837e-01
  -1.1961451e-01
   3.0187711e-01
  -1.0833235e-01
   2.6419289e-01
  -1.1253185e-01
   2.5950575e-01
  -1.2903351e-01
   2.7674947e-01
  -1.4256953e-01
   2.8683635e-01
  -1.3590722e-01
   2.6359443e-01
  -1.0325342e-01
   2.0350314e-01
  -5.6981246e-02
   1.2988062e-01
  -2.1245048e-02
   7.7619104e-02
  -1.4904972e-02
   6.8072429e-02
  -3.4525327e-02
   9.1042704e-02
  -4.9913664e-02
   1.0683728e-01
  -1.7715635e-02
   6.8519663e-02
   9.3106589e-02
  -4.8819437e-02
   2.7890364e-01
  -2.2993017e-01
   4.9674177e-01
  -4.2396401e-01
   6.8225407e-01
  -5.6938557e-01
   7.8090973e-01
  -6.2464389e-01
   7.7499283e-01
  -5.8704671e-01
   6.9071532e-01
  -4.9006605e-01
   5.8171673e-01
  -3.8245706e-01
   4.9929375e-01
  -3.0266886e-01
   4.6713849e-01
  -2.6315849e-01
   4.7460038e-01
  -2.5156390e-01
   4.9029353e-01
  -2.4489716e-01
   4.8537851e-01
  -2.2599006e-01
   4.5104222e-01
  -1.9211362e-01
   4.0015188e-01
  -1.5244606e-01
   3.5443914e-01
  -1.1866376e-01
   3.2788235e-01
  -9.6366777e-02
   3.1813750e-01
  -8.2803395e-02
   3.1083008e-01
  -7.0926921e-02
   2.9186589e-01
  -5.5457812e-02
   2.5770092e-01
  -3.6159414e-02
   2.1613662e-01
  -1.6590856e-02
   1.7816509e-01
  -3.3144915e-04
   1.4834489e-01
   1.1815012e-02
   1.2182737e-01
   2.1616220e-02
   9.0172292e-02
   3.1037088e-02
   5.0375141e-02
   4.0232556e-02
   8.3971742e-03
   4.7727869e-02
  -2.7217723e-02
   5.2330458e-02
  -5.7348706e-02
   5.4621826e-02
  -9.9345284e-02
   5.6301620e-02
  -1.8022415e-01
   5.7827317e-02
  -3.1664709e-01
   5.6746721e-02
  -4.9338885e-01
   4.8973472e-02
  -6.5636095e-01
   3.2860715e-02
  -7.2957819e-01
   1.3131594e-02
  -6.5091872e-01
   9.5882222e-04
  -4.0822848e-01
   8.7664761e-03
  -5.4393047e-02
   4.2264729e-02
   3.0965092e-01
   9.4905847e-02
   5.7703648e-01
   1.4909880e-01
   6.8061854e-01
   1.8435692e-01
   6.1832803e-01
   1.8782367e-01
   4.4607990e-01
   1.6071067e-01
   2.4446063e-01
   1.1662484e-01
   7.9253070e-02
   7.3014628e-02
  -2.2900729e-02
   4.1408093e-02
  -7.3615424e-02
   2.2633452e-02
  -1.0240412e-01
   9.4718443e-03
  -1.3289708e-01
  -6.0743025e-03
  -1.7067817e-01
  -2.6682957e-02
  -2.0744612e-01
  -4.9141237e-02
  -2.3441934e-01
  -6.9023306e-02
  -2.5271949e-01
  -8.6107909e-02
  -2.7270506e-01
  -1.0551204e-01
  -3.0391615e-01
  -1.3318686e-01
  -3.4491522e-01
  -1.6944168e-01
  -3.8229505e-01
  -2.0646791e-01
  -4.0072980e-01
  -2.3325230e-01
  -3.9685895e-01
  -2.4535718e-01
  -3.8590604e-01
  -2.5219056e-01
  -3.9435368e-01
  -2.7466423e-01
  -4.4182295e-01
  -3.3214563e-01
  -5.2367520e-01
  -4.2565807e-01
  -6.0673398e-01
  -5.2868529e-01
  -6.4292149e-01
  -5.9394802e-01
  -5.9428132e-01
  -5.7521972e-01
  -4.5515854e-01
  -4.5321658e-01
  -2.5827995e-01
  -2.5044477e-01
  -6.0608099e-02
  -2.4877711e-02
   8.3510300e-02
   1.5598203e-01
   1.4728332e-01
   2.4756205e-01
   1.4138120e-01
   2.4971935e-01
   1.0449873e-01
   2.0536687e-01
   8.0878993e-02
   1.7669536e-01
   9.7436318e-02
   2.1153615e-01
   1.5208120e-01
   3.1743433e-01
   2.1783050e-01
   4.5650567e-01
   2.5878362e-01
   5.6308822e-01
   2.4871190e-01
   5.7483060e-01
   1.8307097e-01
   4.6197496e-01
   7.9739842e-02
   2.4148248e-01
  -3.0288070e-02
  -2.9545396e-02
  -1.1674346e-01
  -2.7730265e-01
  -1.6185251e-01
  -4.4096108e-01
  -1.6535686e-01
  -4.9613505e-01
  -1.4159983e-01
  -4.6270255e-01
  -1.1093537e-01
  -3.9390534e-01
  -8.9829879e-02
  -3.5105714e-01
  -8.4181843e-02
  -3.7423723e-01
  -8.8620547e-02
  -4.6175933e-01
  -9.1586346e-02
  -5.6845152e-01
  -8.3136126e-02
  -6.2507643e-01
  -6.1087563e-02
  -5.7125897e-01
  -3.2139012e-02
  -3.8672449e-01
  -7.5626743e-03
  -1.0496830e-01
   3.6784325e-03
   1.9881620e-01
  -4.3497181e-17
   4.4076125e-01
  -1.2693369e-02
   5.6604398e-01
  -2.5686381e-02
   5.7183176e-01
  -3.3532009e-02
   5.0355582e-01
  -3.7252369e-02
   4.2720312e-01
  -4.2507968e-02
   3.9361897e-01
  -5.4276384e-02
   4.1487513e-01
  -7.2188275e-02
   4.6500475e-01
  -9.0214720e-02
   5.0251350e-01
  -1.0111013e-01
   4.9923734e-01
  -1.0227190e-01
   4.5726580e-01
  -9.8344390e-02
   4.0434443e-01
  -9.8156167e-02
   3.7255099e-01
  -1.0791927e-01
   3.7564976e-01
  -1.2579381e-01
   4.0054363e-01
  -1.4233822e-01
   4.1797142e-01
  -1.4714324e-01
   4.0420868e-01
  -1.3705667e-01
   3.5816837e-01
  -1.1961451e-01
   3.0187711e-01
  -1.0833235e-01
   2.6419289e-01
  -1.1253185e-01
   2.5950575e-01
  -1.2903351e-01
   2.7674947e-01
  -1.4256953e-01
   2.8683635e-01
  -1.3590722e-01
   2.6359443e-01
  -1.0325342e-01
   2.0350314e-01
  -5.6981246e-02
   1.2988062e-01
  -2.1245048e-02
   7.7619104e-02
  -1.4904972e-02
   6.8072429e-02
  -3.4525327e-02
   9.1042704e-02
  -4.9913664e-02
   1.0683728e-01
  -1.7715635e-02
   6.8519663e-02
   9.3106589e-02
  -4.8819437e-02
   2.7890364e-01
  -2.2993017e-01
   4.9674177e-01
  -4.2396401e-01
   6.8225407e-01
  -5.6938557e-01
   7.8090973e-01
  -6.2464389e-01
   7.7499283e-01
  -5.8704671e-01
   6.9071532e-01
  -4.9006605e-01
   5.8171673e-01
  -3.8245706e-01
   4.9929375e-01
  -3.0266886e-01
   4.6713849e-01
  -2.6315849e-01
   4.7460038e-01
  -2.5156390e-01
   4.9029353e-01
  -2.4489716e-01
   4.8537851e-01
  -2.2599006e-01
   4.5104222e-01
  -1.9211362e-01
   4.0015188e-01
  -1.5244606e-01
   3.5443914e-01
  -1.1866376e-01
   3.2788235e-01
  -9.6366777e-02
   3.1813750e-01
  -8.2803395e-02
   3.1083008e-01
  -7.0926921e-02
   2.9186589e-01
  -5.5457812e-02
   2.5770092e-01
  -3.6159414e-02
   2.1613662e-01
  -1.6590856e-02
   1.7816509e-01
  -3.3144915e-04
   1.4834489e-01
   1.1815012e-02
   1.2182737e-01
   2.1616220e-02
   9.0172292e-02
   3.1037088e-02
   5.0375141e-02
   4.0232556e-02
   8.3971742e-03
   4.7727869e-02
  -2.7217723e-02
   5.2330458e-02
  -5.7348706e-02
   5.4621826e-02
  -9.9345284e-02
   5.6301620e-02
  -1.8022415e-01
   5.7827317e-02
  -3.1664709e-01
   5.6746721e-02
  -4.9338885e-01
   4.8973472e-02
  -6.5636095e-01
   3.2860715e-02
  -7.2957819e-01
   1.3131594e-02
  -6.5091872e-01
   9.5882222e-04
  -4.0822848e-01
   8.7664761e-03
  -5.4393047e-02
   4.2264729e-02
   3.0965092e-01
   9.4905847e-02
   5.7703648e-01
   1.4909880e-01
   6.8061854e-01
   1.8435692e-01
   6.1832803e-01
   1.8782367e-01
   4.4607990e-01
   1.6071067e-01
   2.4446063e-01
   1.1662484e-01
   7.9253070e-02
   7.3014628e-02
  -2.2900729e-02
   4.1408093e-02
  -7.3615424e-02
   2.2633452e-02
  -1.0240412e-01
   9.4718443e-03
  -1.3289708e-01
  -6.0743025e-03
  -1.7067817e-01
  -2.6682957e-02
  -2.0744612e-01
  -4.9141237e-02
  -2.3441934e-01
  -6.9023306e-02
  -2.5271949e-01
  -8.6107909e-02
  -2.7270506e-01
  -1.0551204e-01
  -3.0391615e-01
  -1.3318686e-01
  -3.4491522e-01
  -1.6944168e-01
  -3.8229505e-01
  -2.0646791e-01
  -4.0072980e-01
  -2.3325230e-01
  -3.9685895e-01
  -2.4535718e-01
  -3.8590604e-01
  -2.5219056e-01
  -3.9435368e-01
  -2.7466423e-01
  -4.4182295e-01
  -3.3214563e-01
  -5.2367520e-01
  -4.2565807e-01
  -6.0673398e-01
  -5.2868529e-01
  -6.4292149e-01
  -5.9394802e-01
  -5.9428132e-01
  -5.7521972e-01
  -4.5515854e-01
  -4.5321658e-01
  -2.5827995e-01
  -2.5044477e-01
  -6.0608099e-02
  -2.4877711e-02
   8.3510300e-02
   1.5598203e-01
   1.4728332e-01
   2.4756205e-01
   1.4138120e-01
   2.4971935e-01
   1.0449873e-01
   2.0536687e-01
   8.0878993e-02
   1.7669536e-01
   9.7436318e-02
   2.1153615e-01
   1.5208120e-01
   3.1743433e-01
   2.1783050e-01
   4.5650567e-01
   2.5878362e-01
   5.6308822e-01
   2.4871190e-01
   5.7483060e-01
   1.8307097e-01
   4.6197496e-01
   7.9739842e-02
   2.4148248e-01
  -3.0288070e-02
  -2.9545396e-02
  -1.1674346e-01
  -2.7730265e-01
  -1.6185251e-01
  -4.4096108e-01
  -1.6535686e-01
  -4.9613505e-01
  -1.4159983e-01
  -4.6270255e-01
  -1.1093537e-01
  -3.9390534e-01
  -8.9829879e-02
  -3.5105714e-01
  -8.4181843e-02
  -3.7423723e-01
  -8.8620547e-02
  -4.6175933e-01
  -9.1586346e-02
  -5.6845152e-01
  -8.3136126e-02
  -6.2507643e-01
  -6.1087563e-02
  -5.7125897e-01
  -3.2139012e-02
  -3.8672449e-01
  -7.5626743e-03
  -1.0496830e-01
   3.6784325e-03
   1.9881620e-01
  -4.3497181e-17
   4.4076125e-01
  -1.2693369e-02
   5.6604398e-01
  -2.5686381e-02
   5.7183176e-01
  -3.3532009e-02
   5.0355582e-01
  -3.7252369e-02
   4.2720312e-01
  -4.2507968e-02
   3.9361897e-01
  -5.4276384e-02
   4.1487513e-01
  -7.2188275e-02
   4.6500475e-01
  -9.0214720e-02
   5.0251350e-01
  -1.0111013e-01
   4.9923734e-01
  -1.0227190e-01
   4.5726580e-01
  -9.8344390e-02
   4.0434443e-01
  -9.8156167e-02
   3.7255099e-01
  -1.0791927e-01
   3.7564976e-01
  -1.2579381e-01
   4.0054363e-01
  -1.4233822e-01
   4.1797142e-01
  -1.4714324e-01
   4.0420868e-01
  -1.3705667e-01
   3.5816837e-01
  -1.1961451e-01
   3.0187711e-01
  -1.0833235e-01
   2.6419289e-01
  -1.1253185e-01
   2.5950575e-01
  -1.2903351e-01
   2.7674947e-01
  -1.4256953e-01
   2.8683635e-01
  -1.3590722e-01
   2.6359443e-01
  -1.0325342e-01
   2.0350314e-01
  -5.6981246e-02
   1.2988062e-01
  -2.1245048e-02
   7.7619104e-02
  -1.4904972e-02
   6.8072429e-02
  -3.4525327e-02
   9.1042704e-02
  -4.9913664e-02
   1.0683728e-01
  -1.7715635e-02
   6.8519663e-02
   9.3106589e-02
  -4.8819437e-02
   2.7890364e-01
  -2.2993017e-01
   4.9674177e-01
  -4.2396401e-01
   6.8225407e-01
  -5.6938557e-01
   7.8090973e-01
  -6.2464389e-01
   7.7499283e-01
  -5.8704671e-01
   6.9071532e-01
  -4.9006605e-01
   5.8171673e-01
  -3.8245706e-01
   4.9929375e-01
  -3.0266886e-01
   4.6713849e-01
  -2.6315849e-01
   4.7460038e-01
  -2.5156390e-01
   4.9029353e-01
  -2.4489716e-01
   4.8537851e-01
  -2.2599006e-01
   4.5104222e-01
  -1.9211362e-01
   4.0015188e-01
  -1.5244606e-01
   3.5443914e-01
  -1.1866376e-01
   3.2788235e-01
  -9.6366777e-02
   3.1813750e-01
  -8.2803395e-02
   3.1083008e-01
  -7.0926921e-02
   2.9186589e-01
  -5.5457812e-02
   2.5770092e-01
  -3.6159414e-02
   2.1613662e-01
  -1.6590856e-02
   1.7816509e-01
  -3.3144915e-04
   1.4834489e-01
   1.1815012e-02
   1.2182737e-01
   2.1616220e-02
   9.0172292e-02
   3.1037088e-02
   5.0375141e-02
   4.0232556e-02
   8.3971742e-03
   4.7727869e-02
  -2.7217723e-02
   5.2330458e-02
  -5.7348706e-02
   5.4621826e-02
  -9.9345284e-02
   5.6301620e-02
  -1.8022415e-01
   5.7827317e-02
  -3.1664709e-01
   5.6746721e-02
  -4.9338885e-01
   4.8973472e-02
  -6.5636095e-01
   3.2860715e-02
  -7.2957819e-01
   1.3131594e-02
  -6.5091872e-01
   9.5882222e-04
  -4.0822848e-01
   8.7664761e-03
  -5.4393047e-02
   4.2264729e-02
   3.0965092e-01
   9.4905847e-02
   5.7703648e-01
   1.4909880e-01
   6.8061854e-01
   1.8435692e-01
   6.1832803e-01
   1.8782367e-01
   4.4607990e-01
   1.6071067e-01
   2.4446063e-01
   1.1662484e-01
   7.9253070e-02
   7.3014628e-02
  -2.2900729e-02
   4.1408093e-02
  -7.3615424e-02
   2.2633452e-02
  -1.0240412e-01
   9.4718443e-03
  -1.3289708e-01
  -6.0743025e-03
  -1.7067817e-01
  -2.6682957e-02
  -2.0744612e-01
  -4.9141237e-02
  -2.3441934e-01
  -6.9023306e-02
  -2.5271949e-01
  -8.6107909e-02
  -2.7270506e-01
  -1.0551204e-01
  -3.0391615e-01
  -1.3318686e-01
  -3.4491522e-01
  -1.6944168e-01
  -3.8229505e-01
  -2.0646791e-01
  -4.0072980e-01
  -2.3325230e-01
  -3.9685895e-01
  -2.4535718e-01
  -3.8590604e-01
  -2.5219056e-01
  -3.9435368e-01
  -2.7466423e-01
  -4.4182295e-01
  -3.3214563e-01
  -5.2367520e-01
  -4.2565807e-01
  -6.0673398e-01
  -5.2868529e-01
  -6.4292149e-01
  -5.9394802e-01
  -5.9428132e-01
  -5.7521972e-01
  -4.5515854e-01
  -4.5321658e-01
  -2.5827995e-01
  -2.5044477e-01
  -6.0608099e-02
  -2.4877711e-02
   8.3510300e-02
   1.5598203e-01
   1.4728332e-01
   2.4756205e-01
   1.4138120e-01
   2.4971935e-01
   1.0449873e-01
   2.0536687e-01
   8.0878993e-02
   1.7669536e-01
   9.7436318e-02
   2.1153615e-01
   1.5208120e-01
   3.1743433e-01
   2.1783050e-01
   4.5650567e-01
   2.5878362e-01
   5.6308822e-01
   2.4871190e-01
   5.7483060e-01
   1.8307097e-01
   4.6197496e-01
   7.9739842e-02
   2.4148248e-01
  -3.0288070e-02
  -2.9545396e-02
  -1.1674346e-01
  -2.7730265e-01
  -1.6185251e-01
  -4.4096108e-01
  -1.6535686e-01
  -4.9613505e-01
  -1.4159983e-01
  -4.6270255e-01
  -1.1093537e-01
  -3.9390534e-01
  -8.9829879e-02
  -3.5105714e-01
  -8.4181843e-02
  -3.7423723e-01
  -8.8620547e-02
  -4.6175933e-01
  -9.1586346e-02
  -5.6845152e-01
  -8.3136126e-02
  -6.2507643e-01
  -6.1087563e-02
  -5.7125897e-01
  -3.2139012e-02
  -3.8672449e-01
  -7.5626743e-03
  -1.0496830e-01
   3.6784325e-03
   1.9881620e-01
  -4.3497181e-17
   4.4076125e-01
  -1.2693369e-02
   5.6604398e-01
  -2.5686381e-02
   5.7183176e-01
  -3.3532009e-02
   5.0355582e-01
  -3.7252369e-02
   4.2720312e-01
  -4.2507968e-02
   3.9361897e-01
  -5.4276384e-02
   4.1487513e-01
  -7.2188275e-02
   4.6500475e-01
  -9.0214720e-02
   5.0251350e-01
  -1.0111013e-01
   4.9923734e-01
  -1.0227190e-01
   4.5726580e-01
  -9.8344390e-02
   4.0434443e-01
  -9.8156167e-02
   3.7255099e-01
  -1.0791927e-01
   3.7564976e-01
  -1.2579381e-01
   4.0054363e-01
  -1.4233822e-01
   4.1797142e-01
  -1.4714324e-01
   4.0420868e-01
  -1.3705667e-01
   3.5816837e-01
  -1.1961451e-01
   3.0187711e-01
  -1.0833235e-01
   2.6419289e-01
  -1.1253185e-01
   2.5950575e-01
  -1.2903351e-01
   2.7674947e-01
  -1.4256953e-01
   2.8683635e-01
  -1.3590722e-01
   2.6359443e-01
  -1.0325342e-01
   2.0350314e-01
  -5.6981246e-02
   1.2988062e-01
  -2.1245048e-02
   7.7619104e-02
  -1.4904972e-02
   6.8072429e-02
  -3.4525327e-02
   9.1042704e-02
  -4.9913664e-02
   1.0683728e-01
  -1.7715635e-02
   6.8519663e-02
   9.3106589e-02
  -4.8819437e-02
   2.7890364e-01
  -2.2993017e-01
   4.9674177e-01
  -4.2396401e-01
   6.8225407e-01
  -5.6938557e-01
   7.8090973e-01
  -6.2464389e-01
   7.7499283e-01
  -5.8704671e-01
   6.9071532e-01
  -4.9006605e-01
   5.8171673e-01
  -3.8245706e-01
   4.9929375e-01
  -3.0266886e-01
   4.6713849e-01
  -2.6315849e-01
   4.7460038e-01
  -2.5156390e-01
   4.9029353e-01
  -2.4489716e-01
   4.8537851e-01
  -2.2599006e-01
   4.5104222e-01
  -1.9211362e-01
   4.0015188e-01
  -1.5244606e-01
   3.5443914e-01
  -1.1866376e-01
   3.2788235e-01
  -9.6366777e-02
   3.1813750e-01
  -8.2803395e-02
   3.1083008e-01
  -7.0926921e-02
   2.9186589e-01
  -5.5457812e-02
   2.5770092e-01
  -3.6159414e-02
   2.1613662e-01
  -1.6590856e-02
   1.7816509e-01
  -3.3144915e-04
   1.4834489e-01
   1.1815012e-02
   1.2182737e-01
   2.1616220e-02
   9.0172292e-02
   3.1037088e-02
   5.0375141e-02
   4.0232556e-02
   8.3971742e-03
   4.7727869e-02
  -2.7217723e-02
   5.2330458e-02
  -5.7348706e-02
   5.4621826e-02
  -9.9345284e-02
   5.6301620e-02
  -1.8022415e-01
   5.7827317e-02
  -3.1664709e-01
   5.6746721e-02
  -4.9338885e-01
   4.8973472e-02
  -6.5636095e-01
   3.2860715e-02
  -7.2957819e-01
   1.3131594e-02
  -6.5091872e-01
   9.5882222e-04
  -4.0822848e-01
   8.7664761e-03
  -5.4393047e-02
   4.2264729e-02
   3.0965092e-01
   9.4905847e-02
   5.7703648e-01
   1.4909880e-01
   6.8061854e-01
   1.8435692e-01
   6.1832803e-01
   1.8782367e-01
   4.4607990e-01
   1.6071067e-01
   2.4446063e-01
   1.1662484e-01
   7.9253070e-02
   7.3014628e-02
  -2.2900729e-02
   4.1408093e-02
  -7.3615424e-02
   2.2633452e-02
  -1.0240412e-01
   9.4718443e-03
  -1.3289708e-01
  -6.0743025e-03
  -1.7067817e-01
  -2.6682957e-02
  -2.0744612e-01
  -4.9141237e-02
  -2.3441934e-01
  -6.9023306e-02
  -2.5271949e-01
  -8.6107909e-02
  -2.7270506e-01
  -1.0551204e-01
  -3.0391615e-01
  -1.3318686e-01
  -3.4491522e-01
  -1.6944168e-01
  -3.8229505e-01
  -2.0646791e-01
  -4.0072980e-01
  -2.3325230e-01
  -3.9685895e-01
  -2.4535718e-01
  -3.8590604e-01
  -2.5219056e-01
  -3.9435368e-01
  -2.7466423e-01
  -4.4182295e-01
  -3.3214563e-01
  -5.2367520e-01
  -4.2565807e-01
  -6.0673398e-01
  -5.2868529e-01
  -6.4292149e-01
  -5.9394802e-01
  -5.9428132e-01
  -5.7521972e-01
  -4.5515854e-01
  -4.5321658e-01
  -2.5827995e-01
  -2.5044477e-01
  -6.0608099e-02
  -2.4877711e-02
   8.3510300e-02
   1.5598203e-01
   1.4728332e-01
   2.4756205e-01
   1.4138120e-01
   2.4971935e-01
   1.0449873e-01
   2.0536687e-01
   8.0878993e-02
   1.7669536e-01
   9.7436318e-02
   2.1153615e-01
   1.5208120e-01
   3.1743433e-01
   2.1783050e-01
   4.5650567e-01
   2.5878362e-01
   5.6308822e-01
   2.4871190e-01
   5.7483060e-01
   1.8307097e-01
   4.6197496e-01
   7.9739842e-02
   2.4148248e-01
  -3.0288070e-02
  -2.9545396e-02
  -1.1674346e-01
  -2.7730265e-01
  -1.6185251e-01
  -4.4096108e-01
  -1.6535686e-01
  -4.9613505e-01
  -1.4159983e-01
  -4.6270255e-01
  -1.1093537e-01
  -3.9390534e-01
  -8.9829879e-02
  -3.5105714e-01
  -8.4181843e-02
  -3.7423723e-01
  -8.8620547e-02
  -4.6175933e-01
  -9.1586346e-02
  -5.6845152e-01
  -8.3136126e-02
  -6.2507643e-01
  -6.1087563e-02
  -5.7125897e-01
  -3.2139012e-02
  -3.8672449e-01
  -7.5626743e-03
  -1.0496830e-01
   3.6784325e-03
   1.9881620e-01
  -4.3497181e-17
   4.4076125e-01
  -1.2693369e-02
   5.6604398e-01
  -2.5686381e-02
   5.7183176e-01
  -3.3532009e-02
   5.0355582e-01
  -3.7252369e-02
   4.2720312e-01
  -4.2507968e-02
   3.9361897e-01
  -5.4276384e-02
   4.1487513e-01
  -7.2188275e-02
   4.6500475e-01
  -9.0214720e-02
   5.0251350e-01
  -1.0111013e-01
   4.9923734e-01
  -1.0227190e-01
   4.5726580e-01
  -9.8344390e-02
   4.0434443e-01
  -9.8156167e-02
   3.7255099e-01
  -1.0791927e-01
   3.7564976e-01
  -1.2579381e-01
   4.0054363e-01
  -1.4233822e-01
   4.1797142e-01
  -1.4714324e-01
   4.0420868e-01
  -1.3705667e-01
   3.5816837e-01
  -1.1961451e-01
   3.0187711e-01
  -1.0833235e-01
   2.6419289e-01
  -1.1253185e-01
   2.5950575e-01
  -1.2903351e-01
   2.7674947e-01
  -1.4256953e-01
   2.8683635e-01
  -1.3590722e-01
   2.6359443e-01
  -1.0325342e-01
   2.0350314e-01
  -5.6981246e-02
   1.2988062e-01
  -2.1245048e-02
   7.7619104e-02
  -1.4904972e-02
   6.8072429e-02
  -3.4525327e-02
   9.1042704e-02
  -4.9913664e-02
   1.0683728e-01
  -1.7715635e-02
   6.8519663e-02
   9.3106589e-02
  -4.8819437e-02
   2.7890364e-01
  -2.2993017e-01
   4.9674177e-01
  -4.2396401e-01
   6.8225407e-01
  -5.6938557e-01
   7.8090973e-01
  -6.2464389e-01
   7.7499283e-01
  -5.8704671e-01
   6.9071532e-01
  -4.9006605e-01
   5.8171673e-01
  -3.8245706e-01
   4.9929375e-01
  -3.0266886e-01
   4.6713849e-01
  -2.6315849e-01
   4.7460038e-01
  -2.5156390e-01
   4.9029353e-01
  -2.4489716e-01
   4.8537851e-01
  -2.2599006e-01
   4.5104222e-01
  -1.9211362e-01
   4.0015188e-01
  -1.5244606e-01
   3.5443914e-01
  -1.1866376e-01
   3.2788235e-01
  -9.6366777e-02
   3.1813750e-01
  -8.2803395e-02
   3.1083008e-01
  -7.0926921e-02
   2.9186589e-01
  -5.5457812e-02
   2.5770092e-01
  -3.6159414e-02
   2.1613662e-01
  -1.6590856e-02
   1.7816509e-01
  -3.3144915e-04
   1.4834489e-01
   1.1815012e-02
   1.2182737e-01
   2.1616220e-02
   9.0172292e-02
   3.1037088e-02
   5.0375141e-02
   4.0232556e-02
   8.3971742e-03
   4.7727869e-02
  -2.7217723e-02
   5.2330458e-02
  -5.7348706e-02
   5.4621826e-02
  -9.9345284e-02
   5.6301620e-02
  -1.8022415e-01
   5.7827317e-02
  -3.1664709e-01
   5.6746721e-02
  -4.9338885e-01
   4.8973472e-02
  -6.5636095e-01
   3.2860715e-02
  -7.2957819e-01
   1.3131594e-02
  -6.5091872e-01
   9.5882222e-04
  -4.0822848e-01
   8.7664761e-03
  -5.4393047e-02
   4.2264729e-02
   3.0965092e-01
   9.4905847e-02
   5.7703648e-01
   1.4909880e-01
   6.8061854e-01
   1.8435692e-01
   6.1832803e-01
   1.8782367e-01
   4.4607990e-01
   1.6071067e-01
   2.4446063e-01
   1.1662484e-01
   7.9253070e-02
   7.3014628e-02
  -2.2900729e-02
   4.1408093e-02
  -7.3615424e-02
   2.2633452e-02
  -1.0240412e-01
   9.4718443e-03
  -1.3289708e-01
  -6.0743025e-03
  -1.7067817e-01
  -2.6682957e-02
  -2.0744612e-01
  -4.9141237e-02
  -2.3441934e-01
  -6.9023306e-02
  -2.5271949e-01
  -8.6107909e-02
  -2.7270506e-01
  -1.0551204e-01
  -3.0391615e-01
  -1.3318686e-01
  -3.4491522e-01
  -1.6944168e-01
  -3.8229505e-01
  -2.0646791e-01
  -4.0072980e-01
  -2.3325230e-01
  -3.9685895e-01
  -2.4535718e-01
  -3.8590604e-01
  -2.5219056e-01
  -3.9435368e-01
  -2.7466423e-01
  -4.4182295e-01
  -3.3214563e-01
  -5.2367520e-01
  -4.2565807e-01
  -6.0673398e-01
  -5.2868529e-01
  -6.4292149e-01
  -5.9394802e-01
  -5.9428132e-01
  -5.7521972e-01
  -4.5515854e-01
  -4.5321658e-01
  -2.5827995e-01
  -2.5044477e-01
  -6.0608099e-02
  -2.4877711e-02
   8.3510300e-02
   1.5598203e-01
   1.4728332e-01
   2.4756205e-01
   1.4138120e-01
   2.4971935e-01
   1.0449873e-01
   2.0536687e-01
   8.0878993e-02
   1.7669536e-01
   9.7436318e-02
   2.1153615e-01
   1.5208120e-01
   3.1743433e-01
   2.1783050e-01
   4.5650567e-01
   2.5878362e-01
   5.6308822e-01
   2.4871190e-01
   5.7483060e-01
   1.8307097e-01
   4.6197496e-01
   7.9739842e-02
   2.4148248e-01
  -3.0288070e-02
  -2.9545396e-02
  -1.1674346e-01
  -2.7730265e-01
  -1.6185251e-01
  -4.4096108e-01
  -1.6535686e-01
  -4.9613505e-01
  -1.4159983e-01
  -4.6270255e-01
  -1.1093537e-01
  -3.9390534e-01
  -8.9829879e-02
  -3.5105714e-01
  -8.4181843e-02
  -3.7423723e-01
  -8.8620547e-02
  -4.6175933e-01
  -9.1586346e-02
  -5.6845152e-01
  -8.3136126e-02
  -6.2507643e-01
  -6.1087563e-02
  -5.7125897e-01
  -3.2139012e-02
  -3.8672449e-01
  -7.5626743e-03
  -1.0496830e-01
   3.6784325e-03
   1.9881620e-01
  -4.3497181e-17
   4.4076125e-01
  -1.2693369e-02
   5.6604398e-01
  -2.5686381e-02
   5.7183176e-01
  -3.3532009e-02
   5.0355582e-01
  -3.7252369e-02
   4.2720312e-01
  -4.2507968e-02
   3.9361897e-01
  -5.4276384e-02
   4.1487513e-01
  -7.2188275e-02
   4.6500475e-01
  -9.0214720e-02
   5.0251350e-01
  -1.0111013e-01
   4.9923734e-01
  -1.0227190e-01
   4.5726580e-01
  -9.8344390e-02
   4.0434443e-01
  -9.8156167e-02
   3.7255099e-01
  -1.0791927e-01
   3.7564976e-01
  -1.2579381e-01
   4.0054363e-01
  -1.4233822e-01
   4.1797142e-01
  -1.4714324e-01
   4.0420868e-01
  -1.3705667e-01
   3.5816837e-01
  -1.1961451e-01
   3.0187711e-01
  -1.0833235e-01
   2.6419289e-01
  -1.1253185e-01
   2.5950575e-01
  -1.2903351e-01
   2.7674947e-01
  -1.4256953e-01
   2.8683635e-01
  -1.3590722e-01
   2.6359443e-01
  -1.0325342e-01
   2.0350314e-01
  -5.6981246e-02
   1.2988062e-01
  -2.1245048e-02
   7.7619104e-02
  -1.4904972e-02
   6.8072429e-02
  -3.4525327e-02
   9.1042704e-02
  -4.9913664e-02
   1.0683728e-01
  -1.7715635e-02
   6.8519663e-02
   9.3106589e-02
  -4.8819437e-02
   2.7890364e-01
  -2.2993017e-01
   4.9674177e-01
  -4.2396401e-01
   6.8225407e-01
  -5.6938557e-01
   7.8090973e-01
  -6.2464389e-01
   7.7499283e-01
  -5.8704671e-01
   6.9071532e-01
  -4.9006605e-01
   5.8171673e-01
  -3.8245706e-01
   4.9929375e-01
  -3.0266886e-01
   4.6713849e-01
  -2.6315849e-01
   4.7460038e-01
  -2.5156390e-01
   4.9029353e-01
  -2.4489716e-01
   4.8537851e-01
  -2.2599006e-01
   4.5104222e-01
  -1.9211362e-01
   4.0015188e-01
  -1.5244606e-01
   3.5443914e-01
  -1.1866376e-01
   3.2788235e-01
  -9.6366777e-02
   3.1813750e-01
  -8.2803395e-02
   3.1083008e-01
  -7.0926921e-02
   2.9186589e-01
  -5.5457812e-02
   2.5770092e-01
  -3.6159414e-02
   2.1613662e-01
  -1.6590856e-02
   1.7816509e-01
  -3.3144915e-04
   1.4834489e-01
   1.1815012e-02
   1.2182737e-01
   2.1616220e-02
   9.0172292e-02
   3.1037088e-02
   5.0375141e-02
   4.0232556e-02
   8.3971742e-03
   4.7727869e-02
  -2.7217723e-02
   5.2330458e-02
  -5.7348706e-02
   5.4621826e-02
  -9.9345284e-02
   5.6301620e-02
  -1.8022415e-01
   5.7827317e-02
  -3.1664709e-01
   5.6746721e-02
  -4.9338885e-01
   4.8973472e-02
  -6.5636095e-01
   3.2860715e-02
  -7.2957819e-01
   1.3131594e-02
  -6.5091872e-01
   9.5882222e-04
  -4.0822848e-01
   8.7664761e-03
  -5.4393047e-02
   4.2264729e-02
   3.0965092e-01
   9.4905847e-02
   5.7703648e-01
   1.4909880e-01
   6.8061854e-01
   1.8435692e-01
   6.1832803e-01
   1.8782367e-01
   4.4607990e-01
   1.6071067e-01
   2.4446063e-01
   1.1662484e-01
   7.9253070e-02
   7.3014628e-02
  -2.2900729e-02
   4.1408093e-02
  -7.3615424e-02
   2.2633452e-02
  -1.0240412e-01
   9.4718443e-03
  -1.3289708e-01
  -6.0743025e-03
  -1.7067817e-01
  -2.6682957e-02
  -2.0744612e-01
  -4.9141237e-02
  -2.3441934e-01
  -6.9023306e-02
  -2.5271949e-01
  -8.6107909e-02
  -2.7270506e-01
  -1.0551204e-01
  -3.0391615e-01
  -1.3318686e-01
  -3.4491522e-01
  -1.6944168e-01
  -3.8229505e-01
  -2.0646791e-01
  -4.0072980e-01
  -2.3325230e-01
  -3.9685895e-01
  -2.4535718e-01
  -3.8590604e-01
  -2.5219056e-01
  -3.9435368e-01
  -2.7466423e-01
  -4.4182295e-01
  -3.3214563e-01
  -5.2367520e-01
  -4.2565807e-01
  -6.0673398e-01
  -5.2868529e-01
  -6.4292149e-01
  -5.9394802e-01
  -5.9428132e-01
  -5.7521972e-01
  -4.5515854e-01
  -4.5321658e-01
  -2.5827995e-01
  -2.5044477e-01
  -6.0608099e-02
  -2.4877711e-02
   8.3510300e-02
   1.5598203e-01
   1.4728332e-01
   2.4756205e-01
   1.4138120e-01
   2.4971935e-01
   1.0449873e-01
   2.0536687e-01
   8.0878993e-02
   1.7669536e-01
   9.7436318e-02
   2.1153615e-01
   1.5208120e-01
   3.1743433e-01
   2.1783050e-01
   4.5650567e-01
   2.5878362e-01
   5.6308822e-01
   2.4871190e-01
   5.7483060e-01
   1.8307097e-01
   4.6197496e-01
   7.9739842e-02
   2.4148248e-01
  -3.0288070e-02
  -2.9545396e-02
  -1.1674346e-01
  -2.7730265e-01
  -1.6185251e-01
  -4.4096108e-01
  -1.6535686e-01
  -4.9613505e-01
  -1.4159983e-01
  -4.6270255e-01
  -1.1093537e-01
  -3.9390534e-01
  -8.9829879e-02
  -3.5105714e-01
  -8.4181843e-02
  -3.7423723e-01
  -8.8620547e-02
  -4.6175933e-01
  -9.1586346e-02
  -5.6845152e-01
  -8.3136126e-02
  -6.2507643e-01
  -6.1087563e-02
  -5.7125897e-01
  -3.2139012e-02
  -3.8672449e-01
  -7.5626743e-03
  -1.0496830e-01
   3.6784325e-03
   1.9881620e-01
  -4.3497181e-17
   4.4076125e-01
  -1.2693369e-02
   5.6604398e-01
  -2.5686381e-02
   5.7183176e-01
  -3.3532009e-02
   5.0355582e-01
  -3.7252369e-02
   4.2720312e-01
  -4.2507968e-02
   3.9361897e-01
  -5.4276384e-02
   4.1487513e-01
  -7.2188275e-02
   4.6500475e-01
  -9.0214720e-02
   5.0251350e-01
  -1.0111013e-01
   4.9923734e-01
  -1.0227190e-01
   4.5726580e-01
  -9.8344390e-02
   4.0434443e-01
  -9.8156167e-02
   3.7255099e-01
  -1.0791927e-01
   3.7564976e-01
  -1.2579381e-01
   4.0054363e-01
  -1.4233822e-01
   4.1797142e-01
  -1.4714324e-01
   4.0420868e-01
  -1.3705667e-01
   3.5816837e-01
  -1.1961451e-01
   3.0187711e-01
  -1.0833235e-01
   2.6419289e-01
  -1.1253185e-01
   2.5950575e-01
  -1.2903351e-01
   2.7674947e-01
  -1.4256953e-01
   2.8683635e-01
  -1.3590722e-01
   2.6359443e-01
  -1.0325342e-01
   2.0350314e-01
  -5.6981246e-02
   1.2988062e-01
  -2.1245048e-02
   7.7619104e-02
  -1.4904972e-02
   6.8072429e-02
  -3.4525327e-02
   9.1042704e-02
  -4.9913664e-02
   1.0683728e-01
  -1.7715635e-02
   6.8519663e-02
   9.3106589e-02
  -4.8819437e-02
   2.7890364e-01
  -2.2993017e-01
   4.9674177e-01
  -4.2396401e-01
   6.8225407e-01
  -5.6938557e-01
   7.8090973e-01
  -6.2464389e-01
   7.7499283e-01
  -5.8704671e-01
   6.9071532e-01
  -4.9006605e-01
   5.8171673e-01
  -3.8245706e-01
   4.9929375e-01
  -3.0266886e-01
   4.6713849e-01
  -2.6315849e-01
   4.7460038e-01
  -2.5156390e-01
   4.9029353e-01
  -2.4489716e-01
   4.8537851e-01
  -2.2599006e-01
   4.5104222e-01
  -1.9211362e-01
   4.0015188e-01
  -1.5244606e-01
   3.5443914e-01
  -1.1866376e-01
   3.2788235e-01
  -9.6366777e-02
   3.1813750e-01
  -8.2803395e-02
   3.1083008e-01
  -7.0926921e-02
   2.9186589e-01
  -5.5457812e-02
   2.5770092e-01
  -3.6159414e-02
   2.1613662e-01
  -1.6590856e-02
   1.7816509e-01
  -3.3144915e-04
   1.4834489e-01
   1.1815012e-02
   1.2182737e-01
   2.1616220e-02
   9.0172292e-02
   3.1037088e-02
   5.0375141e-02
   4.0232556e-02
   8.3971742e-03
   4.7727869e-02
  -2.7217723e-02
   5.2330458e-02
  -5.7348706e-02
   5.4621826e-02
  -9.9345284e-02
   5.6301620e-02
  -1.8022415e-01
   5.7827317e-02
  -3.1664709e-01
   5.6746721e-02
  -4.9338885e-01
   4.8973472e-02
  -6.5636095e-01
   3.2860715e-02
  -7.2957819e-01
   1.3131594e-02
  -6.5091872e-01
   9.5882222e-04
  -4.0822848e-01
   8.7664761e-03
  -5.4393047e-02
   4.2264729e-02
   3.0965092e-01
   9.4905847e-02
   5.7703648e-01
   1.4909880e-01
   6.8061854e-01
   1.8435692e-01
   6.1832803e-01
   1.8782367e-01
   4.4607990e-01
   1.6071067e-01
   2.4446063e-01
   1.1662484e-01
   7.9253070e-02
   7.3014628e-02
  -2.2900729e-02
   4.1408093e-02
  -7.3615424e-02
   2.2633452e-02
  -1.0240412e-01
   9.4718443e-03
  -1.3289708e-01
  -6.0743025e-03
  -1.7067817e-01
  -2.6682957e-02
  -2.0744612e-01
  -4.9141237e-02
  -2.3441934e-01
  -6.9023306e-02
  -2.5271949e-01
  -8.6107909e-02
  -2.7270506e-01
  -1.0551204e-01
  -3.0391615e-01
  -1.3318686e-01
  -3.4491522e-01
  -1.6944168e-01
  -3.8229505e-01
  -2.0646791e-01
  -4.0072980e-01
  -2.3325230e-01
  -3.9685895e-01
  -2.4535718e-01
  -3.8590604e-01
  -2.5219056e-01
  -3.9435368e-01
  -2.7466423e-01
  -4.4182295e-01
  -3.3214563e-01
  -5.2367520e-01
  -4.2565807e-01
  -6.0673398e-01
  -5.2868529e-01
  -6.4292149e-01
  -5.9394802e-01
  -5.9428132e-01
  -5.7521972e-01
  -4.5515854e-01
  -4.5321658e-01
  -2.5827995e-01
  -2.5044477e-01
  -6.0608099e-02
  -2.4877711e-02
   8.3510300e-02
   1.5598203e-01
   1.4728332e-01
   2.4756205e-01
   1.4138120e-01
   2.4971935e-01
   1.0449873e-01
   2.0536687e-01
   8.0878993e-02
   1.7669536e-01
   9.7436318e-02
   2.1153615e-01
   1.5208120e-01
   3.1743433e-01
   2.1783050e-01
   4.5650567e-01
   2.5878362e-01
   5.6308822e-01
   2.4871190e-01
   5.7483060e-01
   1.8307097e-01
   4.6197496e-01
   7.9739842e-02
   2.4148248e-01
  -3.0288070e-02
  -2.9545396e-02
  -1.1674346e-01
  -2.7730265e-01
  -1.6185251e-01
  -4.4096108e-01
  -1.6535686e-01
  -4.9613505e-01
  -1.4159983e-01
  -4.6270255e-01
  -1.1093537e-01
  -3.9390534e-01
  -8.9829879e-02
  -3.5105714e-01
  -8.4181843e-02
  -3.7423723e-01
  -8.8620547e-02
  -4.6175933e-01
  -9.1586346e-02
  -5.6845152e-01
  -8.3136126e-02
  -6.2507643e-01
  -6.1087563e-02
  -5.7125897e-01
  -3.2139012e-02
  -3.8672449e-01
  -7.5626743e-03
  -1.0496830e-01
   3.6784325e-03
   1.9881620e-01
  -4.3497181e-17
   4.4076125e-01
  -1.2693369e-02
   5.6604398e-01
  -2.5686381e-02
   5.7183176e-01
  -3.3532009e-02
   5.0355582e-01
  -3.7252369e-02
   4.2720312e-01
  -4.2507968e-02
   3.9361897e-01
  -5.4276384e-02
   4.1487513e-01
  -7.2188275e-02
   4.6500475e-01
  -9.0214720e-02
   5.0251350e-01
  -1.0111013e-01
   4.9923734e-01
  -1.0227190e-01
   4.5726580e-01
  -9.8344390e-02
   4.0434443e-01
  -9.8156167e-02
   3.7255099e-01
  -1.0791927e-01
   3.7564976e-01
  -1.2579381e-01
   4.0054363e-01
  -1.4233822e-01
   4.1797142e-01
  -1.4714324e-01
   4.0420868e-01
  -1.3705667e-01
   3.5816837e-01
  -1.1961451e-01
   3.0187711e-01
  -1.0833235e-01
   2.6419289e-01
  -1.1253185e-01
   2.5950575e-01
  -1.2903351e-01
   2.7674947e-01
  -1.4256953e-01
   2.8683635e-01
  -1.3590722e-01
   2.6359443e-01
  -1.0325342e-01
   2.0350314e-01
  -5.6981246e-02
   1.2988062e-01
  -2.1245048e-02
   7.7619104e-02
  -1.4904972e-02
   6.8072429e-02
  -3.4525327e-02
   9.1042704e-02
  -4.9913664e-02
   1.0683728e-01
  -1.7715635e-02
   6.8519663e-02
   9.3106589e-02
  -4.8819437e-02
   2.7890364e-01
  -2.2993017e-01
   4.9674177e-01
  -4.2396401e-01
   6.8225407e-01
  -5.6938557e-01
   7.8090973e-01
  -6.2464389e-01
   7.7499283e-01
  -5.8704671e-01
   6.9071532e-01
  -4.9006605e-01
   5.8171673e-01
  -3.8245706e-01
   4.9929375e-01
  -3.0266886e-01
   4.6713849e-01
  -2.6315849e-01
   4.7460038e-01
  -2.5156390e-01
   4.9029353e-01
  -2.4489716e-01
   4.8537851e-01
  -2.2599006e-01
   4.5104222e-01
  -1.9211362e-01
   4.0015188e-01
  -1.5244606e-01
   3.5443914e-01
  -1.1866376e-01
   3.2788235e-01
  -9.6366777e-02
   3.1813750e-01
  -8.2803395e-02
   3.1083008e-01
  -7.0926921e-02
   2.9186589e-01
  -5.5457812e-02
   2.5770092e-01
  -3.6159414e-02
   2.1613662e-01
  -1.6590856e-02
   1.7816509e-01
  -3.3144915e-04
   1.4834489e-01
   1.1815012e-02
   1.2182737e-01
   2.1616220e-02
   9.0172292e-02
   3.1037088e-02
   5.0375141e-02
   4.0232556e-02
   8.3971742e-03
   4.7727869e-02
  -2.7217723e-02
   5.2330458e-02
  -5.7348706e-02
   5.4621826e-02
  -9.9345284e-02
   5.6301620e-02
  -1.8022415e-01
   5.7827317e-02
  -3.1664709e-01
   5.6746721e-02
  -4.9338885e-01
   4.8973472e-02
  -6.5636095e-01
   3.2860715e-02
  -7.2957819e-01
   1.3131594e-02
  -6.5091872e-01
   9.5882222e-04
  -4.0822848e-01
   8.7664761e-03
  -5.4393047e-02
   4.2264729e-02
   3.0965092e-01
   9.4905847e-02
   5.7703648e-01
   1.4909880e-01
   6.8061854e-01
   1.8435692e-01
   6.1832803e-01
   1.8782367e-01
   4.4607990e-01
   1.6071067e-01
   2.4446063e-01
   1.1662484e-01
   7.9253070e-02
   7.3014628e-02
  -2.2900729e-02
   4.1408093e-02
  -7.3615424e-02
   2.2633452e-02
  -1.0240412e-01
   9.4718443e-03
  -1.3289708e-01
  -6.0743025e-03
  -1.7067817e-01
  -2.6682957e-02
  -2.0744612e-01
  -4.9141237e-02
  -2.3441934e-01
  -6.9023306e-02
  -2.5271949e-01
  -8.6107909e-02
  -2.7270506e-01
  -1.0551204e-01
  -3.0391615e-01
  -1.3318686e-01
  -3.4491522e-01
  -1.6944168e-01
  -3.8229505e-01
  -2.0646791e-01
  -4.0072980e-01
  -2.3325230e-01
  -3.9685895e-01
  -2.4535718e-01
  -3.8590604e-01
  -2.5219056e-01
  -3.9435368e-01
  -2.7466423e-01
  -4.4182295e-01
  -3.3214563e-01
  -5.2367520e-01
  -4.2565807e-01
  -6.0673398e-01
  -5.2868529e-01
  -6.4292149e-01
  -5.9394802e-01
  -5.9428132e-01
  -5.7521972e-01
  -4.5515854e-01
  -4.5321658e-01
  -2.5827995e-01
  -2.5044477e-01
  -6.0608099e-02
  -2.4877711e-02
   8.3510300e-02
   1.5598203e-01
   1.4728332e-01
   2.4756205e-01
   1.4138120e-01
   2.4971935e-01
   1.0449873e-01
   2.0536687e-01
   8.0878993e-02
   1.7669536e-01
   9.7436318e-02
   2.1153615e-01
   1.5208120e-01
   3.1743433e-01
   2.1783050e-01
   4.5650567e-01
   2.5878362e-01
   5.6308822e-01
   2.4871190e-01
   5.7483060e-01
   1.8307097e-01
   4.6197496e-01
   7.9739842e-02
   2.4148248e-01
  -3.0288070e-02
  -2.9545396e-02
  -1.1674346e-01
  -2.7730265e-01
  -1.6185251e-01
  -4.4096108e-01
  -1.6535686e-01
  -4.9613505e-01
  -1.4159983e-01
  -4.6270255e-01
  -1.1093537e-01
  -3.9390534e-01
  -8.9829879e-02
  -3.5105714e-01
  -8.4181843e-02
  -3.7423723e-01
  -8.8620547e-02
  -4.6175933e-01
  -9.1586346e-02
  -5.6845152e-01
  -8.3136126e-02
  -6.2507643e-01
  -6.1087563e-02
  -5.7125897e-01
  -3.2139012e-02
  -3.8672449e-01
  -7.5626743e-03
  -1.0496830e-01
   3.6784325e-03
   1.9881620e-01
  -4.3497181e-17
   4.4076125e-01
  -1.2693369e-02
   5.6604398e-01
  -2.5686381e-02
   5.7183176e-01
  -3.3532009e-02
   5.0355582e-01
  -3.7252369e-02
   4.2720312e-01
  -4.2507968e-02
   3.9361897e-01
  -5.4276384e-02
   4.1487513e-01
  -7.2188275e-02
   4.6500475e-01
  -9.0214720e-02
   5.0251350e-01
  -1.0111013e-01
   4.9923734e-01
  -1.0227190e-01
   4.5726580e-01
  -9.8344390e-02
   4.0434443e-01
  -9.8156167e-02
   3.7255099e-01
  -1.0791927e-01
   3.7564976e-01
  -1.2579381e-01
   4.0054363e-01
  -1.4233822e-01
   4.1797142e-01
  -1.4714324e-01
   4.0420868e-01
  -1.3705667e-01
   3.5816837e-01
  -1.1961451e-01
   3.0187711e-01
  -1.0833235e-01
   2.6419289e-01
  -1.1253185e-01
   2.5950575e-01
  -1.2903351e-01
   2.7674947e-01
  -1.4256953e-01
   2.8683635e-01
  -1.3590722e-01
   2.6359443e-01
  -1.0325342e-01
   2.0350314e-01
  -5.6981246e-02
   1.2988062e-01
  -2.1245048e-02
   7.7619104e-02
  -1.4904972e-02
   6.8072429e-02
  -3.4525327e-02
   9.1042704e-02
  -4.9913664e-02
   1.0683728e-01
  -1.7715635e-02
   6.8519663e-02
   9.3106589e-02
  -4.8819437e-02
   2.7890364e-01
  -2.2993017e-01
   4.9674177e-01
  -4.2396401e-01
   6.8225407e-01
  -5.6938557e-01
   7.8090973e-01
  -6.2464389e-01
   7.7499283e-01
  -5.8704671e-01
   6.9071532e-01
  -4.9006605e-01
   5.8171673e-01
  -3.8245706e-01
   4.9929375e-01
  -3.0266886e-01
   4.6713849e-01
  -2.6315849e-01
   4.7460038e-01
  -2.5156390e-01
   4.9029353e-01
  -2.4489716e-01
   4.8537851e-01
  -2.2599006e-01
   4.5104222e-01
  -1.9211362e-01
   4.0015188e-01
  -1.5244606e-01
   3.5443914e-01
  -1.1866376e-01
   3.2788235e-01
  -9.6366777e-02
   3.1813750e-01
  -8.2803395e-02
   3.1083008e-01
  -7.0926921e-02
   2.9186589e-01
  -5.5457812e-02
   2.5770092e-01
  -3.6159414e-02
   2.1613662e-01
  -1.6590856e-02
   1.7816509e-01
  -3.3144915e-04
   1.4834489e-01
   1.1815012e-02
   1.2182737e-01
   2.1616220e-02
   9.0172292e-02
   3.1037088e-02
   5.0375141e-02
   4.0232556e-02
   8.3971742e-03
   4.7727869e-02
  -2.7217723e-02
   5.2330458e-02
  -5.7348706e-02
   5.4621826e-02
  -9.9345284e-02
   5.6301620e-02
  -1.8022415e-01
   5.7827317e-02
  -3.1664709e-01
   5.6746721e-02
  -4.9338885e-01
   4.8973472e-02
  -6.5636095e-01
   3.2860715e-02
  -7.2957819e-01
   1.3131594e-02
  -6.5091872e-01
   9.5882222e-04
  -4.0822848e-01
   8.7664761e-03
  -5.4393047e-02
   4.2264729e-02
   3.0965092e-01
   9.4905847e-02
   5.7703648e-01
   1.4909880e-01
   6.8061854e-01
   1.8435692e-01
   6.1832803e-01
   1.8782367e-01
   4.4607990e-01
   1.6071067e-01
   2.4446063e-01
   1.1662484e-01
   7.9253070e-02
   7.3014628e-02
  -2.2900729e-02
   4.1408093e-02
  -7.3615424e-02
   2.2633452e-02
  -1.0240412e-01
   9.4718443e-03
  -1.3289708e-01
  -6.0743025e-03
  -1.7067817e-01
  -2.6682957e-02
  -2.0744612e-01
  -4.9141237e-02
  -2.3441934e-01
  -6.9023306e-02
  -2.5271949e-01
  -8.6107909e-02
  -2.7270506e-01
  -1.0551204e-01
  -3.0391615e-01
  -1.3318686e-01
  -3.4491522e-01
  -1.6944168e-01
  -3.8229505e-01
  -2.0646791e-01
  -4.0072980e-01
  -2.3325230e-01
  -3.9685895e-01
  -2.4535718e-01
  -3.8590604e-01
  -2.5219056e-01
  -3.9435368e-01
  -2.7466423e-01
  -4.4182295e-01
  -3.3214563e-01
  -5.2367520e-01
  -4.2565807e-01
  -6.0673398e-01
  -5.2868529e-01
  -6.4292149e-01
  -5.9394802e-01
  -5.9428132e-01
  -5.7521972e-01
  -4.5515854e-01
  -4.5321658e-01
  -2.5827995e-01
  -2.5044477e-01
  -6.0608099e-02
  -2.4877711e-02
   8.3510300e-02
   1.5598203e-01
   1.4728332e-01
   2.4756205e-01
   1.4138120e-01
   2.4971935e-01
   1.0449873e-01
   2.0536687e-01
   8.0878993e-02
   1.7669536e-01
   9.7436318e-02
   2.1153615e-01
   1.5208120e-01
   3.1743433e-01
   2.1783050e-01
   4.5650567e-01
   2.5878362e-01
   5.6308822e-01
   2.4871190e-01
   5.7483060e-01
   1.8307097e-01
   4.6197496e-01
   7.9739842e-02
   2.4148248e-01
  -3.0288070e-02
  -2.9545396e-02
  -1.1674346e-01
  -2.7730265e-01
  -1.6185251e-01
  -4.4096108e-01
  -1.6535686e-01
  -4.9613505e-01
  -1.4159983e-01
  -4.6270255e-01
  -1.1093537e-01
  -3.9390534e-01
  -8.9829879e-02
  -3.5105714e-01
  -8.4181843e-02
  -3.7423723e-01
  -8.8620547e-02
  -4.6175933e-01
  -9.1586346e-02
  -5.6845152e-01
  -8.3136126e-02
  -6.2507643e-01
  -6.1087563e-02
  -5.7125897e-01
  -3.2139012e-02
  -3.8672449e-01
  -7.5626743e-03
  -1.0496830e-01
   3.6784325e-03
   1.9881620e-01
  -4.3497181e-17
   4.4076125e-01
  -1.2693369e-02
   5.6604398e-01
  -2.5686381e-02
   5.7183176e-01
  -3.3532009e-02
   5.0355582e-01
  -3.7252369e-02
   4.2720312e-01
  -4.2507968e-02
   3.9361897e-01
  -5.4276384e-02
   4.1487513e-01
  -7.2188275e-02
   4.6500475e-01
  -9.0214720e-02
   5.0251350e-01
  -1.0111013e-01
   4.9923734e-01
  -1.0227190e-01
   4.5726580e-01
  -9.8344390e-02
   4.0434443e-01
  -9.8156167e-02
   3.7255099e-01
  -1.0791927e-01
   3.7564976e-01
  -1.2579381e-01
   4.0054363e-01
  -1.4233822e-01
   4.1797142e-01
  -1.4714324e-01
   4.0420868e-01
  -1.3705667e-01
   3.5816837e-01
  -1.1961451e-01
   3.0187711e-01
  -1.0833235e-01
   2.6419289e-01
  -1.1253185e-01
   2.5950575e-01
  -1.2903351e-01
   2.7674947e-01
  -1.4256953e-01
   2.8683635e-01
  -1.3590722e-01
   2.6359443e-01
  -1.0325342e-01
   2.0350314e-01
  -5.6981246e-02
   1.2988062e-01
  -2.1245048e-02
   7.7619104e-02
  -1.4904972e-02
   6.8072429e-02
  -3.4525327e-02
   9.1042704e-02
  -4.9913664e-02
   1.0683728e-01
  -1.7715635e-02
   6.8519663e-02
   9.3106589e-02
  -4.8819437e-02
   2.7890364e-01
  -2.2993017e-01
   4.9674177e-01
  -4.2396401e-01
   6.8225407e-01
  -5.6938557e-01
   7.8090973e-01
  -6.2464389e-01
   7.7499283e-01
  -5.8704671e-01
   6.9071532e-01
  -4.9006605e-01
   5.8171673e-01
  -3.8245706e-01
   4.9929375e-01
  -3.0266886e-01
   4.6713849e-01
  -2.6315849e-01
   4.7460038e-01
  -2.5156390e-01
   4.9029353e-01
  -2.4489716e-01
   4.8537851e-01
  -2.2599006e-01
   4.5104222e-01
  -1.9211362e-01
   4.0015188e-01
  -1.5244606e-01
   3.5443914e-01
  -1.1866376e-01
   3.2788235e-01
  -9.6366777e-02
   3.1813750e-01
  -8.2803395e-02
   3.1083008e-01
  -7.0926921e-02
   2.9186589e-01
  -5.5457812e-02
   2.5770092e-01
  -3.6159414e-02
   2.1613662e-01
  -1.6590856e-02
   1.7816509e-01
  -3.3144915e-04
   1.4834489e-01
   1.1815012e-02
   1.2182737e-01
   2.1616220e-02
   9.0172292e-02
   3.1037088e-02
   5.0375141e-02
   4.0232556e-02
   8.3971742e-03
   4.7727869e-02
  -2.7217723e-02
   5.2330458e-02
  -5.7348706e-02
   5.4621826e-02
  -9.9345284e-02
   5.6301620e-02
  -1.8022415e-01
   5.7827317e-02
  -3.1664709e-01
   5.6746721e-02
  -4.9338885e-01
   4.8973472e-02
  -6.5636095e-01
   3.2860715e-02
  -7.2957819e-01
   1.3131594e-02
  -6.5091872e-01
   9.5882222e-04
  -4.0822848e-01
   8.7664761e-03
  -5.4393047e-02
   4.2264729e-02
   3.0965092e-01
   9.4905847e-02
   5.7703648e-01
   1.4909880e-01
   6.8061854e-01
   1.8435692e-01
   6.1832803e-01
   1.8782367e-01
   4.4607990e-01
   1.6071067e-01
   2.4446063e-01
   1.1662484e-01
   7.9253070e-02
   7.3014628e-02
  -2.2900729e-02
   4.1408093e-02
  -7.3615424e-02
   2.2633452e-02
  -1.0240412e-01
   9.4718443e-03
  -1.3289708e-01
  -6.0743025e-03
  -1.7067817e-01
  -2.6682957e-02
  -2.0744612e-01
  -4.9141237e-02
  -2.3441934e-01
  -6.9023306e-02
  -2.5271949e-01
  -8.6107909e-02
  -2.7270506e-01
  -1.0551204e-01
  -3.0391615e-01
  -1.3318686e-01
  -3.4491522e-01
  -1.6944168e-01
  -3.8229505e-01
  -2.0646791e-01
  -4.0072980e-01
  -2.3325230e-01
  -3.9685895e-01
  -2.4535718e-01
  -3.8590604e-01
  -2.5219056e-01
  -3.9435368e-01
  -2.7466423e-01
  -4.4182295e-01
  -3.3214563e-01
  -5.2367520e-01
  -4.2565807e-01
  -6.0673398e-01
  -5.2868529e-01
  -6.4292149e-01
  -5.9394802e-01
  -5.9428132e-01
  -5.7521972e-01
  -4.5515854e-01
  -4.5321658e-01
  -2.5827995e-01
  -2.5044477e-01
  -6.0608099e-02
  -2.4877711e-02
   8.3510300e-02
   1.5598203e-01
   1.4728332e-01
   2.4756205e-01
   1.4138120e-01
   2.4971935e-01
   1.0449873e-01
   2.0536687e-01
   8.0878993e-02
   1.7669536e-01
   9.7436318e-02
   2.1153615e-01
   1.5208120e-01
   3.1743433e-01
   2.1783050e-01
   4.5650567e-01
   2.5878362e-01
   5.6308822e-01
   2.4871190e-01
   5.7483060e-01
   1.8307097e-01
   4.6197496e-01
   7.9739842e-02
   2.4148248e-01
  -3.0288070e-02
  -2.9545396e-02
  -1.1674346e-01
  -2.7730265e-01
  -1.6185251e-01
  -4.4096108e-01
  -1.6535686e-01
  -4.9613505e-01
  -1.4159983e-01
  -4.6270255e-01
  -1.1093537e-01
  -3.9390534e-01
  -8.9829879e-02
  -3.5105714e-01
  -8.4181843e-02
  -3.7423723e-01
  -8.8620547e-02
  -4.6175933e-01
  -9.1586346e-02
  -5.6845152e-01
  -8.3136126e-02
  -6.2507643e-01
  -6.1087563e-02
  -5.7125897e-01
  -3.2139012e-02
  -3.8672449e-01
  -7.5626743e-03
  -1.0496830e-01
   3.6784325e-03
   1.9881620e-01
  -4.3497181e-17
   4.4076125e-01
  -1.2693369e-02
   5.6604398e-01
  -2.5686381e-02
   5.7183176e-01
  -3.3532009e-02
   5.0355582e-01
  -3.7252369e-02
   4.2720312e-01
  -4.2507968e-02
   3.9361897e-01
  -5.4276384e-02
   4.1487513e-01
  -7.2188275e-02
   4.6500475e-01
  -9.0214720e-02
   5.0251350e-01
  -1.0111013e-01
   4.9923734e-01
  -1.0227190e-01
   4.5726580e-01
  -9.8344390e-02
   4.0434443e-01
  -9.8156167e-02
   3.7255099e-01
  -1.0791927e-01
   3.7564976e-01
  -1.2579381e-01
   4.0054363e-01
  -1.4233822e-01
   4.1797142e-01
  -1.4714324e-01
   4.0420868e-01
  -1.3705667e-01
   3.5816837e-01
  -1.1961451e-01
   3.0187711e-01
  -1.0833235e-01
   2.6419289e-01
  -1.1253185e-01
   2.5950575e-01
  -1.2903351e-01
   2.7674947e-01
  -1.4256953e-01
   2.8683635e-01
  -1.3590722e-01
   2.6359443e-01
  -1.0325342e-01
   2.0350314e-01
  -5.6981246e-02
   1.2988062e-01
  -2.1245048e-02
   7.7619104e-02
  -1.4904972e-02
   6.8072429e-02
  -3.4525327e-02
   9.1042704e-02
  -4.9913664e-02
   1.0683728e-01
  -1.7715635e-02
   6.8519663e-02
   9.3106589e-02
  -4.8819437e-02
   2.7890364e-01
  -2.2993017e-01
   4.9674177e-01
  -4.2396401e-01
   6.8225407e-01
  -5.6938557e-01
   7.8090973e-01
  -6.2464389e-01
   7.7499283e-01
  -5.8704671e-01
   6.9071532e-01
  -4.9006605e-01
   5.8171673e-01
  -3.8245706e-01
   4.9929375e-01
  -3.0266886e-01
   4.6713849e-01
  -2.6315849e-01
   4.7460038e-01
  -2.5156390e-01
   4.9029353e-01
  -2.4489716e-01
   4.8537851e-01
  -2.2599006e-01
   4.5104222e-01
  -1.9211362e-01
   4.0015188e-01
  -1.5244606e-01
   3.5443914e-01
  -1.1866376e-01
   3.2788235e-01
  -9.6366777e-02
   3.1813750e-01
  -8.2803395e-02
   3.1083008e-01
  -7.0926921e-02
   2.9186589e-01
  -5.5457812e-02
   2.5770092e-01
  -3.6159414e-02
   2.1613662e-01
  -1.6590856e-02
   1.7816509e-01
  -3.3144915e-04
   1.4834489e-01
   1.1815012e-02
   1.2182737e-01
   2.1616220e-02
   9.0172292e-02
   3.1037088e-02
   5.0375141e-02
   4.0232556e-02
   8.3971742e-03
   4.7727869e-02
  -2.7217723e-02
   5.2330458e-02
  -5.7348706e-02
   5.4621826e-02
  -9.9345284e-02
   5.6301620e-02
  -1.8022415e-01
   5.7827317e-02
  -3.1664709e-01
   5.6746721e-02
  -4.9338885e-01
   4.8973472e-02
  -6.5636095e-01
   3.2860715e-02
  -7.2957819e-01
   1.3131594e-02
  -6.5091872e-01
   9.5882222e-04
  -4.0822848e-01
   8.7664761e-03
  -5.4393047e-02
   4.2264729e-02
   3.0965092e-01
   9.4905847e-02
   5.7703648e-01
   1.4909880e-01
   6.8061854e-01
   1.8435692e-01
   6.1832803e-01
   1.8782367e-01
   4.4607990e-01
   1.6071067e-01
   2.4446063e-01
   1.1662484e-01
   7.9253070e-02
   7.3014628e-02
  -2.2900729e-02
   4.1408093e-02
  -7.3615424e-02
   2.2633452e-02
  -1.0240412e-01
   9.4718443e-03
  -1.3289708e-01
  -6.0743025e-03
  -1.7067817e-01
  -2.6682957e-02
  -2.0744612e-01
  -4.9141237e-02
  -2.3441934e-01
  -6.9023306e-02
  -2.5271949e-01
  -8.6107909e-02
  -2.7270506e-01
  -1.0551204e-01
  -3.0391615e-01
  -1.3318686e-01
  -3.4491522e-01
  -1.6944168e-01
  -3.8229505e-01
  -2.0646791e-01
  -4.0072980e-01
  -2.3325230e-01
  -3.9685895e-01
  -2.4535718e-01
  -3.8590604e-01
  -2.5219056e-01
  -3.9435368e-01
  -2.7466423e-01
  -4.4182295e-01
  -3.3214563e-01
  -5.2367520e-01
  -4.2565807e-01
  -6.0673398e-01
  -5.2868529e-01
  -6.4292149e-01
  -5.9394802e-01
  -5.9428132e-01
  -5.7521972e-01
  -4.5515854e-01
  -4.5321658e-01
  -2.5827995e-01
  -2.5044477e-01
  -6.0608099e-02
  -2.4877711e-02
   8.3510300e-02
   1.5598203e-01
   1.4728332e-01
   2.4756205e-01
   1.4138120e-01
   2.4971935e-01
   1.0449873e-01
   2.0536687e-01
   8.0878993e-02
   1.7669536e-01
   9.7436318e-02
   2.1153615e-01
   1.5208120e-01
   3.1743433e-01
   2.1783050e-01
   4.5650567e-01
   2.5878362e-01
   5.6308822e-01
   2.4871190e-01
   5.7483060e-01
   1.8307097e-01
   4.6197496e-01
   7.9739842e-02
   2.4148248e-01
  -3.0288070e-02
  -2.9545396e-02
  -1.1674346e-01
  -2.7730265e-01
  -1.6185251e-01
  -4.4096108e-01
  -1.6535686e-01
  -4.9613505e-01
  -1.4159983e-01
  -4.6270255e-01
  -1.1093537e-01
  -3.9390534e-01
  -8.9829879e-02
  -3.5105714e-01
  -8.4181843e-02
  -3.7423723e-01
  -8.8620547e-02
  -4.6175933e-01
  -9.1586346e-02
  -5.6845152e-01
  -8.3136126e-02
  -6.2507643e-01
  -6.1087563e-02
  -5.7125897e-01
  -3.2139012e-02
  -3.8672449e-01
  -7.5626743e-03
  -1.0496830e-01
   3.6784325e-03
   1.9881620e-01
  -4.3497181e-17
   4.4076125e-01
  -1.2693369e-02
   5.6604398e-01
  -2.5686381e-02
   5.7183176e-01
  -3.3532009e-02
   5.0355582e-01
  -3.7252369e-02
   4.2720312e-01
  -4.2507968e-02
   3.9361897e-01
  -5.4276384e-02
   4.1487513e-01
  -7.2188275e-02
   4.6500475e-01
  -9.0214720e-02
   5.0251350e-01
  -1.0111013e-01
   4.9923734e-01
  -1.0227190e-01
   4.5726580e-01
  -9.8344390e-02
   4.0434443e-01
  -9.8156167e-02
   3.7255099e-01
  -1.0791927e-01
   3.7564976e-01
  -1.2579381e-01
   4.0054363e-01
  -1.4233822e-01
   4.1797142e-01
  -1.4714324e-01
   4.0420868e-01
  -1.3705667e-01
   3.5816837e-01
  -1.1961451e-01
   3.0187711e-01
  -1.0833235e-01
   2.6419289e-01
  -1.1253185e-01
   2.5950575e-01
  -1.2903351e-01
   2.7674947e-01
  -1.4256953e-01
   2.8683635e-01
  -1.3590722e-01
   2.6359443e-01
  -1.0325342e-01
   2.0350314e-01
  -5.6981246e-02
   1.2988062e-01
  -2.1245048e-02
   7.7619104e-02
  -1.4904972e-02
   6.8072429e-02
  -3.4525327e-02
   9.1042704e-02
  -4.9913664e-02
   1.0683728e-01
  -1.7715635e-02
   6.8519663e-02
   9.3106589e-02
  -4.8819437e-02
   2.7890364e-01
  -2.2993017e-01
   4.9674177e-01
  -4.2396401e-01
   6.8225407e-01
  -5.6938557e-01
   7.8090973e-01
  -6.2464389e-01
   7.7499283e-01
  -5.8704671e-01
   6.9071532e-01
  -4.9006605e-01
   5.8171673e-01
  -3.8245706e-01
   4.9929375e-01
  -3.0266886e-01
   4.6713849e-01
  -2.6315849e-01
   4.7460038e-01
  -2.5156390e-01
   4.9029353e-01
  -2.4489716e-01
   4.8537851e-01
  -2.2599006e-01
   4.5104222e-01
  -1.9211362e-01
   4.0015188e-01
  -1.5244606e-01
   3.5443914e-01
  -1.1866376e-01
   3.2788235e-01
  -9.6366777e-02
   3.1813750e-01
  -8.2803395e-02
   3.1083008e-01
  -7.0926921e-02
   2.9186589e-01
  -5.5457812e-02
   2.5770092e-01
  -3.6159414e-02
   2.1613662e-01
  -1.6590856e-02
   1.7816509e-01
  -3.3144915e-04
   1.4834489e-01
   1.1815012e-02
   1.2182737e-01
   2.1616220e-02
   9.0172292e-02
   3.1037088e-02
   5.0375141e-02
   4.0232556e-02
   8.3971742e-03
   4.7727869e-02
  -2.7217723e-02
   5.2330458e-02
  -5.7348706e-02
   5.4621826e-02
  -9.9345284e-02
   5.6301620e-02
  -1.8022415e-01
   5.7827317e-02
  -3.1664709e-01
   5.6746721e-02
  -4.9338885e-01
   4.8973472e-02
  -6.5636095e-01
   3.2860715e-02
  -7.2957819e-01
   1.3131594e-02
  -6.5091872e-01
   9.5882222e-04
  -4.0822848e-01
   8.7664761e-03
  -5.4393047e-02
   4.2264729e-02
   3.0965092e-01
   9.4905847e-02
   5.7703648e-01
   1.4909880e-01
   6.8061854e-01
   1.8435692e-01
   6.1832803e-01
   1.8782367e-01
   4.4607990e-01
   1.6071067e-01
   2.4446063e-01
   1.1662484e-01
   7.9253070e-02
   7.3014628e-02
  -2.2900729e-02
   4.1408093e-02
  -7.3615424e-02
   2.2633452e-02
  -1.0240412e-01
   9.4718443e-03
  -1.3289708e-01
  -6.0743025e-03
  -1.7067817e-01
  -2.6682957e-02
  -2.0744612e-01
  -4.9141237e-02
  -2.3441934e-01
  -6.9023306e-02
  -2.5271949e-01
  -8.6107909e-02
  -2.7270506e-01
  -1.0551204e-01
  -3.0391615e-01
  -1.3318686e-01
  -3.4491522e-01
  -1.6944168e-01
  -3.8229505e-01
  -2.0646791e-01
  -4.0072980e-01
  -2.3325230e-01
  -3.9685895e-01
  -2.4535718e-01
  -3.8590604e-01
  -2.5219056e-01
  -3.9435368e-01
  -2.7466423e-01
  -4.4182295e-01
  -3.3214563e-01
  -5.2367520e-01
  -4.2565807e-01
  -6.0673398e-01
  -5.2868529e-01
  -6.4292149e-01
  -5.9394802e-01
  -5.9428132e-01
  -5.7521972e-01
  -4.5515854e-01
  -4.5321658e-01
  -2.5827995e-01
  -2.5044477e-01
  -6.0608099e-02
  -2.4877711e-02
   8.3510300e-02
   1.5598203e-01
   1.4728332e-01
   2.4756205e-01
   1.4138120e-01
   2.4971935e-01
   1.0449873e-01
   2.0536687e-01
   8.0878993e-02
   1.7669536e-01
   9.7436318e-02
   2.1153615e-01
   1.5208120e-01
   3.1743433e-01
   2.1783050e-01
   4.5650567e-01
   2.5878362e-01
   5.6308822e-01
   2.4871190e-01
   5.7483060e-01
   1.8307097e-01
   4.6197496e-01
   7.9739842e-02
   2.4148248e-01
  -3.0288070e-02
  -2.9545396e-02
  -1.1674346e-01
  -2.7730265e-01
  -1.6185251e-01
  -4.4096108e-01
  -1.6535686e-01
  -4.9613505e-01
  -1.4159983e-01
  -4.6270255e-01
  -1.1093537e-01
  -3.9390534e-01
  -8.9829879e-02
  -3.5105714e-01
  -8.4181843e-02
  -3.7423723e-01
  -8.8620547e-02
  -4.6175933e-01
  -9.1586346e-02
  -5.6845152e-01
  -8.3136126e-02
  -6.2507643e-01
  -6.1087563e-02
  -5.7125897e-01
  -3.2139012e-02
  -3.8672449e-01
  -7.5626743e-03
  -1.0496830e-01
   3.6784325e-03
   1.9881620e-01
