   7.3354852e-01
  -6.7963709e-01
   7.7643468e-02
  -9.9698119e-01
  -6.1833645e-01
  -7.8591351e-01
  -9.8702140e-01
  -1.6058876e-01
  -8.3638760e-01
   5.4813846e-01
  -2.4807854e-01
   9.6873992e-01
   4.6868882e-01
   8.8336334e-01
   9.4075402e-01
   3.3908979e-01
   9.2504924e-01
  -3.7984721e-01
   4.3230357e-01
  -9.0172813e-01
  -2.8174530e-01
  -9.5948923e-01
  -8.5043422e-01
  -5.2608140e-01
  -9.8459562e-01
   1.7484700e-01
  -6.1845126e-01
   7.8582316e-01
   6.0008317e-02
   9.9819788e-01
   7.0710678e-01
   7.0710678e-01
   9.9810914e-01
   6.1466554e-02
   7.8942379e-01
  -6.1384858e-01
   1.8777738e-01
  -9.8221162e-01
  -5.0606065e-01
  -8.6249790e-01
  -9.4856135e-01
  -3.1659338e-01
  -9.2320722e-01
   3.8430252e-01
  -4.4503818e-01
   8.9551160e-01
   2.4977648e-01
   9.6830352e-01
   8.2185229e-01
   5.6970063e-01
   9.9453411e-01
  -1.0441223e-01
   6.8667838e-01
  -7.2696135e-01
   4.9067674e-02
  -9.9879546e-01
  -6.1096125e-01
  -7.9166050e-01
  -9.7831737e-01
  -2.0711138e-01
  -8.8005497e-01
   4.7487182e-01
  -3.6534102e-01
   9.3087375e-01
   3.2074768e-01
   9.4716468e-01
   8.5501291e-01
   5.1860672e-01
   9.8841331e-01
  -1.5178646e-01
   6.6110143e-01
  -7.5029654e-01
   2.7608146e-02
  -9.9961882e-01
  -6.1753241e-01
  -7.8654544e-01
  -9.7730750e-01
  -2.1182550e-01
  -8.8844564e-01
   4.5898186e-01
  -3.9412631e-01
   9.1905628e-01
   2.7851969e-01
   9.6043052e-01
   8.2384474e-01
   5.6681553e-01
   9.9665524e-01
  -8.1721074e-02
   7.2152155e-01
  -6.9239198e-01
   1.2415042e-01
  -9.9226341e-01
  -5.2744740e-01
  -8.4958769e-01
  -9.4388333e-01
  -3.3027906e-01
  -9.4257320e-01
   3.3399965e-01
  -5.2657829e-01
   8.5012664e-01
   1.1936521e-01
   9.9285041e-01
   7.1204793e-01
   7.0213086e-01
   9.9427172e-01
   1.0688192e-01
   8.4579018e-01
  -5.3351567e-01
   3.3317330e-01
  -9.4286561e-01
  -3.2143947e-01
  -9.4693013e-01
  -8.3750697e-01
  -5.4642665e-01
  -9.9631261e-01
   8.5797312e-02
  -7.3275370e-01
   6.8049395e-01
  -1.6058876e-01
   9.8702140e-01
   4.7795458e-01
   8.7838455e-01
   9.1538991e-01
   4.0256839e-01
   9.7077214e-01
  -2.4000302e-01
   6.2348980e-01
  -7.8183148e-01
   1.9429201e-02
  -9.9981124e-01
  -5.9146673e-01
  -8.0632941e-01
  -9.5907660e-01
  -2.8314675e-01
  -9.3507999e-01
   3.5443676e-01
  -5.3166092e-01
   8.4695730e-01
   8.5797312e-02
   9.9631261e-01
   6.6754398e-01
   7.4457037e-01
   9.8078528e-01
   1.9509032e-01
   9.0229576e-01
  -4.3111756e-01
   4.6571795e-01
  -8.8493321e-01
  -1.5409645e-01
  -9.8805581e-01
  -7.1204793e-01
  -7.0213086e-01
  -9.8991385e-01
  -1.4167065e-01
  -8.8109349e-01
   4.7294213e-01
  -4.3032648e-01
   9.0267332e-01
   1.8591161e-01
   9.8256647e-01
   7.2936454e-01
   6.8412526e-01
   9.9226341e-01
   1.2415042e-01
   8.7614053e-01
  -4.8205578e-01
   4.2755509e-01
  -9.0398929e-01
  -1.8174710e-01
  -9.8334531e-01
  -7.2142039e-01
  -6.9249738e-01
  -9.8974759e-01
  -1.4282751e-01
  -8.8844564e-01
   4.5898186e-01
  -4.5755352e-01
   8.8918208e-01
   1.4152603e-01
   9.8993453e-01
   6.8731534e-01
   7.2635916e-01
   9.8032658e-01
   1.9738237e-01
   9.1544872e-01
  -4.0243465e-01
   5.1860672e-01
  -8.5501291e-01
  -6.4674209e-02
  -9.9790643e-01
  -6.2348980e-01
  -7.8183148e-01
  -9.5807792e-01
  -2.8650776e-01
  -9.5080338e-01
   3.0979497e-01
  -6.0655692e-01
   7.9504007e-01
  -4.9067674e-02
   9.9879546e-01
   5.2446530e-01
   8.5143182e-01
   9.1349791e-01
   4.0684341e-01
   9.8397651e-01
  -1.7829815e-01
   7.1368721e-01
  -7.0046454e-01
   1.9809841e-01
  -9.8018214e-01
  -3.8430252e-01
  -9.2320722e-01
  -8.3429951e-01
  -5.5131146e-01
  -9.9997541e-01
   7.0124261e-03
  -8.2730715e-01
   5.6174984e-01
  -3.7673677e-01
   9.2632036e-01
   1.9895752e-01
   9.8000811e-01
   7.0710678e-01
   7.0710678e-01
   9.7971640e-01
   2.0038904e-01
   9.2850608e-01
  -3.7131719e-01
   5.7257874e-01
  -8.1984973e-01
   3.0382753e-02
  -9.9953834e-01
  -5.2047915e-01
  -8.5387438e-01
  -9.0172813e-01
  -4.3230357e-01
  -9.9184064e-01
   1.2748387e-01
  -7.6403738e-01
   6.4517198e-01
  -2.9321916e-01
   9.5604525e-01
   2.6952764e-01
   9.6299265e-01
   7.4593414e-01
   6.6601971e-01
   9.8702140e-01
   1.6058876e-01
   9.1917140e-01
  -3.9385776e-01
   5.6573181e-01
  -8.2458930e-01
   3.8121140e-02
  -9.9927313e-01
  -5.0000000e-01
  -8.6602540e-01
  -8.8377383e-01
  -4.6791432e-01
  -9.9741789e-01
   7.1816081e-02
  -8.0848426e-01
   5.8851780e-01
  -3.7619539e-01
   9.2654036e-01
   1.6793829e-01
   9.8579751e-01
   6.6066287e-01
   7.5068274e-01
   9.5604525e-01
   2.9321916e-01
   9.6830352e-01
  -2.4977648e-01
   6.9596735e-01
  -7.1807343e-01
   2.2081143e-01
  -9.7531652e-01
  -3.1742473e-01
  -9.4828347e-01
  -7.6252720e-01
  -6.4695615e-01
  -9.8709169e-01
  -1.6015615e-01
  -9.2850608e-01
   3.7131719e-01
  -6.0562730e-01
   7.9574843e-01
  -1.1196448e-01
   9.9371221e-01
   4.1204156e-01
   9.1116505e-01
   8.1926376e-01
   5.7341686e-01
   9.9706007e-01
   7.6623861e-02
   8.9790414e-01
  -4.4019105e-01
   5.5131146e-01
  -8.3429951e-01
   5.4319999e-02
  -9.9852358e-01
  -4.5625399e-01
  -8.8984959e-01
  -8.4171277e-01
  -5.3992556e-01
  -9.9898123e-01
  -4.5127532e-02
  -8.8763962e-01
   4.6053871e-01
  -5.3955660e-01
   8.4194933e-01
  -4.9067674e-02
   9.9879546e-01
   4.5313117e-01
   8.9144386e-01
   8.3502368e-01
   5.5021401e-01
   9.9781088e-01
   6.6132015e-02
   9.0096887e-01
  -4.3388374e-01
   5.7162015e-01
  -8.2051837e-01
   9.6272311e-02
  -9.9535503e-01
  -4.0243465e-01
  -9.1544872e-01
  -7.9760273e-01
  -6.0318313e-01
  -9.9024230e-01
  -1.3935635e-01
  -9.3362230e-01
   3.5825884e-01
  -6.4394332e-01
   7.6507320e-01
  -1.9509032e-01
   9.8078528e-01
   3.0075224e-01
   9.5370231e-01
   7.2142039e-01
   6.9249738e-01
   9.6482062e-01
   2.6290906e-01
   9.7334353e-01
  -2.2935207e-01
   7.4690635e-01
  -6.6492924e-01
   3.4183709e-01
  -9.3975923e-01
  -1.4369503e-01
  -9.8962202e-01
  -5.9382019e-01
  -8.0459778e-01
  -9.0267332e-01
  -4.3032648e-01
  -9.9903971e-01
   4.3813992e-02
  -8.6227602e-01
   5.0643861e-01
  -5.2608140e-01
   8.5043422e-01
  -6.9630167e-02
   9.9757287e-01
   4.0149825e-01
   9.1585979e-01
   7.7991496e-01
   6.2588549e-01
   9.8078528e-01
   1.9509032e-01
   9.6047120e-01
  -2.7837937e-01
   7.2545482e-01
  -6.8826979e-01
   3.2986534e-01
  -9.4402799e-01
  -1.3747542e-01
  -9.9050518e-01
  -5.7329717e-01
  -8.1934752e-01
  -8.8274632e-01
  -4.6984990e-01
  -9.9981124e-01
  -1.9429201e-02
  -9.0096887e-01
   4.3388374e-01
  -6.0934079e-01
   7.9290845e-01
  -1.8878174e-01
   9.8201907e-01
   2.7051231e-01
   9.6271652e-01
   6.7155895e-01
   7.4095113e-01
   9.3103378e-01
   3.6493301e-01
   9.9631261e-01
  -8.5797312e-02
   8.5569405e-01
  -5.1748207e-01
   5.3992556e-01
  -8.4171277e-01
   1.1501262e-01
  -9.9336403e-01
  -3.3193330e-01
  -9.4330286e-01
  -7.1071315e-01
  -7.0348193e-01
  -9.4617618e-01
  -3.2365203e-01
  -9.9285041e-01
   1.1936521e-01
  -8.4328677e-01
   5.3746388e-01
  -5.2868802e-01
   8.4881622e-01
  -1.1196448e-01
   9.9371221e-01
   3.2517214e-01
   9.4565484e-01
   6.9837625e-01
   7.1573083e-01
   9.3688009e-01
   3.4965083e-01
   9.9665524e-01
  -8.1721074e-02
   8.6813598e-01
  -4.9632643e-01
   5.7724063e-01
  -8.1657410e-01
   1.7973548e-01
  -9.8371498e-01
  -2.4977648e-01
  -9.6830352e-01
  -6.3201874e-01
  -7.7495311e-01
  -8.9764675e-01
  -4.4071569e-01
  -9.9961882e-01
  -2.7608146e-02
  -9.2117328e-01
   3.8915266e-01
  -6.7813533e-01
   7.3493705e-01
  -3.1534590e-01
   9.4897680e-01
   1.0194190e-01
   9.9479035e-01
   5.0000000e-01
   8.6602540e-01
   8.0968627e-01
   5.8686297e-01
   9.7831737e-01
   2.0711138e-01
   9.7834762e-01
  -2.0696845e-01
   8.1148293e-01
  -5.8437613e-01
   5.0769780e-01
  -8.6153522e-01
   1.1951026e-01
  -9.9283297e-01
  -2.8734746e-01
  -9.5782641e-01
  -6.4517198e-01
  -7.6403738e-01
  -8.9551160e-01
  -4.4503818e-01
  -9.9852358e-01
  -5.4319999e-02
  -9.3900787e-01
   3.4389566e-01
  -7.2826419e-01
   6.8529649e-01
  -4.0163205e-01
   9.1580112e-01
  -1.2271538e-02
   9.9992470e-01
   3.7768388e-01
   9.2593460e-01
   7.0710678e-01
   7.0710678e-01
   9.2538184e-01
   3.7903620e-01
   9.9997934e-01
  -6.4280657e-03
   9.2100263e-01
  -3.8955635e-01
   7.0213086e-01
  -7.1204793e-01
   3.7795441e-01
  -9.2582421e-01
  -1.7531200e-03
  -9.9999846e-01
  -3.7984721e-01
  -9.2504924e-01
  -7.0046454e-01
  -7.1368721e-01
  -9.1720371e-01
  -3.9841857e-01
  -9.9965426e-01
  -2.6293783e-02
  -9.3738990e-01
   3.4828174e-01
  -7.4095113e-01
   6.7155895e-01
  -4.3979747e-01
   8.9809698e-01
  -7.7643468e-02
   9.9698119e-01
   2.9405708e-01
   9.5578786e-01
   6.2348980e-01
   7.8183148e-01
   8.6565994e-01
   5.0063247e-01
   9.8839112e-01
   1.5193086e-01
   9.7636973e-01
  -2.1610680e-01
   8.3276598e-01
  -5.5362516e-01
   5.7831380e-01
  -8.1581441e-01
   2.4807854e-01
  -9.6873992e-01
  -1.1356125e-01
  -9.9353100e-01
  -4.5898186e-01
  -8.8844564e-01
  -7.4359433e-01
  -6.6863104e-01
  -9.3151280e-01
  -3.6370853e-01
  -9.9990770e-01
  -1.3586269e-02
  -9.4154407e-01
   3.3688985e-01
  -7.6526132e-01
   6.4371975e-01
  -4.9442280e-01
   8.6922154e-01
  -1.6361614e-01
   9.8652408e-01
   1.8591161e-01
   9.8256647e-01
   5.1146885e-01
   8.5930182e-01
   7.7412143e-01
   6.3303713e-01
   9.4325436e-01
   3.3207110e-01
   9.9997541e-01
  -7.0124261e-03
   9.3900787e-01
  -3.4389566e-01
   7.6891656e-01
  -6.3934914e-01
   5.1071542e-01
  -8.5974982e-01
   1.9509032e-01
  -9.8078528e-01
  -1.4138141e-01
  -9.8995520e-01
  -4.6053871e-01
  -8.8763962e-01
  -7.2696135e-01
  -6.8667838e-01
  -9.1182604e-01
  -4.1057677e-01
  -9.9588740e-01
  -9.0599602e-02
  -9.7129575e-01
   2.3787510e-01
  -8.4210695e-01
   5.3931057e-01
  -6.2348980e-01
   7.8183148e-01
  -3.3977688e-01
   9.4050607e-01
  -2.1620140e-02
   9.9976626e-01
   2.9740649e-01
   9.5475095e-01
   5.8437613e-01
   8.1148293e-01
   8.1037161e-01
   5.8591625e-01
   9.5330604e-01
   3.0200595e-01
   9.9993997e-01
  -1.0956786e-02
   9.4693013e-01
  -3.2143947e-01
   8.0085154e-01
  -5.9886293e-01
   5.7724063e-01
  -8.1657410e-01
   2.9880100e-01
  -9.5431544e-01
  -7.0124261e-03
  -9.9997541e-01
  -3.1076715e-01
  -9.5048607e-01
  -5.8390182e-01
  -8.1182428e-01
  -8.0137617e-01
  -5.9816071e-01
  -9.4388333e-01
  -3.3027906e-01
  -9.9944042e-01
  -3.3449150e-02
  -9.6424216e-01
   2.6502273e-01
  -8.4273669e-01
   5.3832599e-01
  -6.4695615e-01
   7.6252720e-01
  -3.9520019e-01
   9.1859502e-01
  -1.1022221e-01
   9.9390697e-01
   1.8289626e-01
   9.8313222e-01
   4.5898186e-01
   8.8844564e-01
   6.9491755e-01
   7.1908942e-01
   8.7152346e-01
   4.9035381e-01
   9.7502535e-01
   2.2209362e-01
   9.9800908e-01
  -6.3070463e-02
   9.3980916e-01
  -3.4169980e-01
   8.0632941e-01
  -5.9146673e-01
   6.0934079e-01
  -7.9290845e-01
   3.6534102e-01
  -9.3087375e-01
   9.4090860e-02
  -9.9556361e-01
  -1.8303989e-01
  -9.8310549e-01
  -4.4477650e-01
  -8.9564159e-01
  -6.7155895e-01
  -7.4095113e-01
  -8.4695730e-01
  -5.3166092e-01
  -9.5878653e-01
  -2.8412740e-01
  -9.9985392e-01
  -1.7092096e-02
  -9.6830352e-01
   2.4977648e-01
  -8.6755531e-01
   4.9734072e-01
  -7.0586605e-01
   7.0834534e-01
  -4.9556526e-01
   8.6857071e-01
  -2.5203920e-01
   9.6771703e-01
   7.4506949e-03
   9.9997224e-01
   2.6502273e-01
   9.6424216e-01
   5.0341216e-01
   8.6404641e-01
   7.0710678e-01
   7.0710678e-01
   8.6331004e-01
   5.0467393e-01
   9.6267699e-01
   2.7065295e-01
   9.9978784e-01
   2.0597714e-02
   9.7334353e-01
  -2.2935207e-01
   8.8608713e-01
  -4.6351871e-01
   7.4447283e-01
  -6.6765275e-01
   5.5811853e-01
  -8.2976123e-01
   3.3908979e-01
  -9.4075402e-01
   1.0106986e-01
  -9.9487933e-01
  -1.4152603e-01
  -9.8993453e-01
  -3.7443501e-01
  -9.2725316e-01
  -5.8437613e-01
  -8.1148293e-01
  -7.5977940e-01
  -6.5018094e-01
  -8.9137765e-01
  -4.5326139e-01
  -9.7263531e-01
  -2.3233717e-01
  -1.0000000e+00
   3.7734596e-14
  -9.7297370e-01
   2.3091597e-01
  -8.9401115e-01
   4.4804471e-01
  -7.6826233e-01
   6.4013514e-01
  -6.0318313e-01
   7.9760273e-01
  -4.0804416e-01
   9.1296219e-01
  -1.9337059e-01
   9.8112579e-01
   2.9652615e-02
   9.9956026e-01
   2.4977648e-01
   9.6830352e-01
   4.5625399e-01
   8.8984959e-01
   6.3934914e-01
   7.6891656e-01
   7.9076708e-01
   6.1211716e-01
   9.0398929e-01
   4.2755509e-01
   9.7450354e-01
   2.2437213e-01
   9.9992470e-01
   1.2271538e-02
   9.8000811e-01
  -1.9895752e-01
   9.1656226e-01
  -3.9989202e-01
   8.1327195e-01
  -5.8188378e-01
   6.7544658e-01
  -7.3740892e-01
   5.0971025e-01
  -8.6034613e-01
   3.2365203e-01
  -9.4617618e-01
   1.2545498e-01
  -9.9209931e-01
  -7.6478197e-02
  -9.9707125e-01
  -2.7388616e-01
  -9.6176212e-01
  -4.5898186e-01
  -8.8844564e-01
  -6.2474542e-01
  -7.8082851e-01
  -7.6516727e-01
  -6.4383154e-01
  -8.7543534e-01
  -4.8333525e-01
  -9.5206268e-01
  -3.0590302e-01
  -9.9295466e-01
  -1.1849488e-01
  -9.9741789e-01
   7.1816081e-02
  -9.6611463e-01
   2.5811340e-01
  -9.0096887e-01
   4.3388374e-01
  -8.0503133e-01
   5.9323230e-01
  -6.8231171e-01
   7.3106137e-01
  -5.3758708e-01
   8.4320824e-01
  -3.7619539e-01
   9.2654036e-01
  -2.0382292e-01
   9.7900777e-01
  -2.6293783e-02
   9.9965426e-01
   1.5063115e-01
   9.8859003e-01
   3.2143947e-01
   9.4693013e-01
   4.8103146e-01
   8.7670333e-01
   6.2485949e-01
   7.8073723e-01
   7.4903961e-01
   6.6252521e-01
   8.5043422e-01
   5.2608140e-01
   9.2670515e-01
   3.7578927e-01
   9.7633815e-01
   2.1624944e-01
   9.9864022e-01
   5.2131705e-02
   9.9371221e-01
  -1.1196448e-01
   9.6239970e-01
  -2.7163730e-01
   9.0622545e-01
  -4.2279479e-01
   8.2730715e-01
  -5.6174984e-01
   7.2826419e-01
  -6.8529649e-01
   6.1211716e-01
  -7.9076708e-01
   4.8218377e-01
  -8.7607009e-01
   3.4197438e-01
  -9.3970928e-01
   1.9509032e-01
  -9.8078528e-01
   4.5127532e-02
  -9.9898123e-01
  -1.0441223e-01
  -9.9453411e-01
  -2.5020084e-01
  -9.6819396e-01
  -3.8915266e-01
  -9.2117328e-01
  -5.1848180e-01
  -8.5508866e-01
  -6.3574749e-01
  -7.7189710e-01
  -7.3888732e-01
  -6.7382900e-01
  -8.2623877e-01
  -5.6332006e-01
  -8.9654942e-01
  -4.4294371e-01
  -9.4897680e-01
  -3.1534590e-01
  -9.8307874e-01
  -1.8318351e-01
  -9.9879546e-01
  -4.9067674e-02
  -9.9642456e-01
   8.4487246e-02
  -9.7659022e-01
   2.1510820e-01
  -9.4020787e-01
   3.4060116e-01
  -8.8844564e-01
   4.5898186e-01
  -8.2268371e-01
   5.6849935e-01
  -7.4447283e-01
   6.6765275e-01
  -6.5549285e-01
   7.5520138e-01
  -5.5751227e-01
   8.3016870e-01
  -4.5234959e-01
   8.9184071e-01
  -3.4183709e-01
   9.3975923e-01
  -2.2778759e-01
   9.7371085e-01
  -1.1196448e-01
   9.9371221e-01
   3.9445118e-03
   9.9999222e-01
   1.1834981e-01
   9.9297196e-01
   2.2977865e-01
   9.7324292e-01
   3.3688985e-01
   9.4154407e-01
   4.3848494e-01
   8.9873854e-01
   5.3351567e-01
   8.4579018e-01
   6.2108824e-01
   7.8374064e-01
   7.0046454e-01
   7.1368721e-01
   7.7106052e-01
   6.3676186e-01
   8.3244232e-01
   5.5411171e-01
   8.8432010e-01
   4.6688109e-01
   9.2654036e-01
   3.7619539e-01
   9.5907660e-01
   2.8314675e-01
   9.8201907e-01
   1.8878174e-01
   9.9556361e-01
   9.4090860e-02
   1.0000000e+00
  -1.2253277e-14
   9.9570001e-01
  -9.2636307e-02
   9.8310549e-01
  -1.8303989e-01
   9.6271652e-01
  -2.7051231e-01
   9.3507999e-01
  -3.5443676e-01
   9.0077862e-01
  -4.3427857e-01
   8.6042059e-01
  -5.0958455e-01
   8.1462988e-01
  -5.7998118e-01
   7.6403738e-01
  -6.4517198e-01
   7.0927283e-01
  -7.0493408e-01
   6.5095759e-01
  -7.5911410e-01
   5.8969832e-01
  -8.0762361e-01
   5.2608140e-01
  -8.5043422e-01
   4.6066838e-01
  -8.8757233e-01
   3.9399204e-01
  -9.1911385e-01
   3.2655333e-01
  -9.4517878e-01
   2.5881905e-01
  -9.6592583e-01
   1.9122009e-01
  -9.8154719e-01
   1.2415042e-01
  -9.9226341e-01
   5.7966571e-02
  -9.9831852e-01
  -7.0124261e-03
  -9.9997541e-01
  -7.0504573e-02
  -9.9751146e-01
  -1.3226411e-01
  -9.9121451e-01
  -1.9208040e-01
  -9.8137919e-01
  -2.4977648e-01
  -9.6830352e-01
  -3.0520749e-01
  -9.5228588e-01
  -3.5825884e-01
  -9.3362230e-01
  -4.0884427e-01
  -9.1260416e-01
  -4.5690388e-01
  -8.8951608e-01
  -5.0240196e-01
  -8.6463418e-01
  -5.4532499e-01
  -8.3822471e-01
  -5.8567945e-01
  -8.1054277e-01
  -6.2348980e-01
  -7.8183148e-01
  -6.5879645e-01
  -7.5232124e-01
  -6.9165375e-01
  -7.2222925e-01
  -7.2212819e-01
  -6.9175926e-01
  -7.5029654e-01
  -6.6110143e-01
  -7.7624416e-01
  -6.3043240e-01
  -8.0006344e-01
  -5.9991541e-01
  -8.2185229e-01
  -5.6970063e-01
  -8.4171277e-01
  -5.3992556e-01
  -8.5974982e-01
  -5.1071542e-01
  -8.7607009e-01
  -4.8218377e-01
  -8.9078091e-01
  -4.5443302e-01
  -9.0398929e-01
  -4.2755509e-01
  -9.1580112e-01
  -4.0163205e-01
  -9.2632036e-01
  -3.7673677e-01
  -9.3564837e-01
  -3.5293360e-01
  -9.4388333e-01
  -3.3027906e-01
  -9.5111970e-01
  -3.0882247e-01
  -9.5744777e-01
  -2.8860660e-01
  -9.6295327e-01
  -2.6966833e-01
  -9.6771703e-01
  -2.5203920e-01
  -9.7181470e-01
  -2.3574603e-01
  -9.7531652e-01
  -2.2081143e-01
  -9.7828710e-01
  -2.0725430e-01
  -9.8078528e-01
  -1.9509032e-01
  -9.8286397e-01
  -1.8433236e-01
  -9.8457006e-01
  -1.7499084e-01
  -9.8594434e-01
  -1.6707412e-01
  -9.8702140e-01
  -1.6058876e-01
  -9.8782963e-01
  -1.5553977e-01
  -9.8839112e-01
  -1.5193086e-01
  -9.8872169e-01
  -1.4976453e-01
  -9.8883083e-01
  -1.4904227e-01
  -9.8872169e-01
  -1.4976453e-01
  -9.8839112e-01
  -1.5193086e-01
  -9.8782963e-01
  -1.5553977e-01
  -9.8702140e-01
  -1.6058876e-01
  -9.8594434e-01
  -1.6707412e-01
  -9.8457006e-01
  -1.7499084e-01
  -9.8286397e-01
  -1.8433236e-01
  -9.8078528e-01
  -1.9509032e-01
  -9.7828710e-01
  -2.0725430e-01
  -9.7531652e-01
  -2.2081143e-01
  -9.7181470e-01
  -2.3574603e-01
  -9.6771703e-01
  -2.5203920e-01
  -9.6295327e-01
  -2.6966833e-01
  -9.5744777e-01
  -2.8860660e-01
  -9.5111970e-01
  -3.0882247e-01
  -9.4388333e-01
  -3.3027906e-01
  -9.3564837e-01
  -3.5293360e-01
  -9.2632036e-01
  -3.7673677e-01
  -9.1580112e-01
  -4.0163205e-01
  -9.0398929e-01
  -4.2755509e-01
  -8.9078091e-01
  -4.5443302e-01
  -8.7607009e-01
  -4.8218377e-01
  -8.5974982e-01
  -5.1071542e-01
  -8.4171277e-01
  -5.3992556e-01
  -8.2185229e-01
  -5.6970063e-01
  -8.0006344e-01
  -5.9991541e-01
  -7.7624416e-01
  -6.3043240e-01
  -7.5029654e-01
  -6.6110143e-01
  -7.2212819e-01
  -6.9175926e-01
  -6.9165375e-01
  -7.2222925e-01
  -6.5879645e-01
  -7.5232124e-01
  -6.2348980e-01
  -7.8183148e-01
  -5.8567945e-01
  -8.1054277e-01
  -5.4532499e-01
  -8.3822471e-01
  -5.0240196e-01
  -8.6463418e-01
  -4.5690388e-01
  -8.8951608e-01
  -4.0884427e-01
  -9.1260416e-01
  -3.5825884e-01
  -9.3362230e-01
  -3.0520749e-01
  -9.5228588e-01
  -2.4977648e-01
  -9.6830352e-01
  -1.9208040e-01
  -9.8137919e-01
  -1.3226411e-01
  -9.9121451e-01
  -7.0504573e-02
  -9.9751146e-01
  -7.0124261e-03
  -9.9997541e-01
   5.7966571e-02
  -9.9831852e-01
   1.2415042e-01
  -9.9226341e-01
   1.9122009e-01
  -9.8154719e-01
   2.5881905e-01
  -9.6592583e-01
   3.2655333e-01
  -9.4517878e-01
   3.9399204e-01
  -9.1911385e-01
   4.6066838e-01
  -8.8757233e-01
   5.2608140e-01
  -8.5043422e-01
   5.8969832e-01
  -8.0762361e-01
   6.5095759e-01
  -7.5911410e-01
   7.0927283e-01
  -7.0493408e-01
   7.6403738e-01
  -6.4517198e-01
   8.1462988e-01
  -5.7998118e-01
   8.6042059e-01
  -5.0958455e-01
   9.0077862e-01
  -4.3427857e-01
   9.3507999e-01
  -3.5443676e-01
   9.6271652e-01
  -2.7051231e-01
   9.8310549e-01
  -1.8303989e-01
   9.9570001e-01
  -9.2636307e-02
   1.0000000e+00
   1.6168433e-14
   9.9556361e-01
   9.4090860e-02
   9.8201907e-01
   1.8878174e-01
   9.5907660e-01
   2.8314675e-01
   9.2654036e-01
   3.7619539e-01
   8.8432010e-01
   4.6688109e-01
   8.3244232e-01
   5.5411171e-01
   7.7106052e-01
   6.3676186e-01
   7.0046454e-01
   7.1368721e-01
   6.2108824e-01
   7.8374064e-01
   5.3351567e-01
   8.4579018e-01
   4.3848494e-01
   8.9873854e-01
   3.3688985e-01
   9.4154407e-01
   2.2977865e-01
   9.7324292e-01
   1.1834981e-01
   9.9297196e-01
   3.9445118e-03
   9.9999222e-01
  -1.1196448e-01
   9.9371221e-01
  -2.2778759e-01
   9.7371085e-01
  -3.4183709e-01
   9.3975923e-01
  -4.5234959e-01
   8.9184071e-01
  -5.5751227e-01
   8.3016870e-01
  -6.5549285e-01
   7.5520138e-01
  -7.4447283e-01
   6.6765275e-01
  -8.2268371e-01
   5.6849935e-01
  -8.8844564e-01
   4.5898186e-01
  -9.4020787e-01
   3.4060116e-01
  -9.7659022e-01
   2.1510820e-01
  -9.9642456e-01
   8.4487246e-02
  -9.9879546e-01
  -4.9067674e-02
  -9.8307874e-01
  -1.8318351e-01
  -9.4897680e-01
  -3.1534590e-01
  -8.9654942e-01
  -4.4294371e-01
  -8.2623877e-01
  -5.6332006e-01
  -7.3888732e-01
  -6.7382900e-01
  -6.3574749e-01
  -7.7189710e-01
  -5.1848180e-01
  -8.5508866e-01
  -3.8915266e-01
  -9.2117328e-01
  -2.5020084e-01
  -9.6819396e-01
  -1.0441223e-01
  -9.9453411e-01
   4.5127532e-02
  -9.9898123e-01
   1.9509032e-01
  -9.8078528e-01
   3.4197438e-01
  -9.3970928e-01
   4.8218377e-01
  -8.7607009e-01
   6.1211716e-01
  -7.9076708e-01
   7.2826419e-01
  -6.8529649e-01
   8.2730715e-01
  -5.6174984e-01
   9.0622545e-01
  -4.2279479e-01
   9.6239970e-01
  -2.7163730e-01
   9.9371221e-01
  -1.1196448e-01
   9.9864022e-01
   5.2131705e-02
   9.7633815e-01
   2.1624944e-01
   9.2670515e-01
   3.7578927e-01
   8.5043422e-01
   5.2608140e-01
   7.4903961e-01
   6.6252521e-01
   6.2485949e-01
   7.8073723e-01
   4.8103146e-01
   8.7670333e-01
   3.2143947e-01
   9.4693013e-01
   1.5063115e-01
   9.8859003e-01
  -2.6293783e-02
   9.9965426e-01
  -2.0382292e-01
   9.7900777e-01
  -3.7619539e-01
   9.2654036e-01
  -5.3758708e-01
   8.4320824e-01
  -6.8231171e-01
   7.3106137e-01
  -8.0503133e-01
   5.9323230e-01
  -9.0096887e-01
   4.3388374e-01
  -9.6611463e-01
   2.5811340e-01
  -9.9741789e-01
   7.1816081e-02
  -9.9295466e-01
  -1.1849488e-01
  -9.5206268e-01
  -3.0590302e-01
  -8.7543534e-01
  -4.8333525e-01
  -7.6516727e-01
  -6.4383154e-01
  -6.2474542e-01
  -7.8082851e-01
  -4.5898186e-01
  -8.8844564e-01
  -2.7388616e-01
  -9.6176212e-01
  -7.6478197e-02
  -9.9707125e-01
   1.2545498e-01
  -9.9209931e-01
   3.2365203e-01
  -9.4617618e-01
   5.0971025e-01
  -8.6034613e-01
   6.7544658e-01
  -7.3740892e-01
   8.1327195e-01
  -5.8188378e-01
   9.1656226e-01
  -3.9989202e-01
   9.8000811e-01
  -1.9895752e-01
   9.9992470e-01
   1.2271538e-02
   9.7450354e-01
   2.2437213e-01
   9.0398929e-01
   4.2755509e-01
   7.9076708e-01
   6.1211716e-01
   6.3934914e-01
   7.6891656e-01
   4.5625399e-01
   8.8984959e-01
   2.4977648e-01
   9.6830352e-01
   2.9652615e-02
   9.9956026e-01
  -1.9337059e-01
   9.8112579e-01
  -4.0804416e-01
   9.1296219e-01
  -6.0318313e-01
   7.9760273e-01
  -7.6826233e-01
   6.4013514e-01
  -8.9401115e-01
   4.4804471e-01
  -9.7297370e-01
   2.3091597e-01
  -1.0000000e+00
  -1.9108823e-14
  -9.7263531e-01
  -2.3233717e-01
  -8.9137765e-01
  -4.5326139e-01
  -7.5977940e-01
  -6.5018094e-01
  -5.8437613e-01
  -8.1148293e-01
  -3.7443501e-01
  -9.2725316e-01
  -1.4152603e-01
  -9.8993453e-01
   1.0106986e-01
  -9.9487933e-01
   3.3908979e-01
  -9.4075402e-01
   5.5811853e-01
  -8.2976123e-01
   7.4447283e-01
  -6.6765275e-01
   8.8608713e-01
  -4.6351871e-01
   9.7334353e-01
  -2.2935207e-01
   9.9978784e-01
   2.0597714e-02
   9.6267699e-01
   2.7065295e-01
   8.6331004e-01
   5.0467393e-01
   7.0710678e-01
   7.0710678e-01
   5.0341216e-01
   8.6404641e-01
   2.6502273e-01
   9.6424216e-01
   7.4506949e-03
   9.9997224e-01
  -2.5203920e-01
   9.6771703e-01
  -4.9556526e-01
   8.6857071e-01
  -7.0586605e-01
   7.0834534e-01
  -8.6755531e-01
   4.9734072e-01
  -9.6830352e-01
   2.4977648e-01
  -9.9985392e-01
  -1.7092096e-02
  -9.5878653e-01
  -2.8412740e-01
  -8.4695730e-01
  -5.3166092e-01
  -6.7155895e-01
  -7.4095113e-01
  -4.4477650e-01
  -8.9564159e-01
  -1.8303989e-01
  -9.8310549e-01
   9.4090860e-02
  -9.9556361e-01
   3.6534102e-01
  -9.3087375e-01
   6.0934079e-01
  -7.9290845e-01
   8.0632941e-01
  -5.9146673e-01
   9.3980916e-01
  -3.4169980e-01
   9.9800908e-01
  -6.3070463e-02
   9.7502535e-01
   2.2209362e-01
   8.7152346e-01
   4.9035381e-01
   6.9491755e-01
   7.1908942e-01
   4.5898186e-01
   8.8844564e-01
   1.8289626e-01
   9.8313222e-01
  -1.1022221e-01
   9.9390697e-01
  -3.9520019e-01
   9.1859502e-01
  -6.4695615e-01
   7.6252720e-01
  -8.4273669e-01
   5.3832599e-01
  -9.6424216e-01
   2.6502273e-01
  -9.9944042e-01
  -3.3449150e-02
  -9.4388333e-01
  -3.3027906e-01
  -8.0137617e-01
  -5.9816071e-01
  -5.8390182e-01
  -8.1182428e-01
  -3.1076715e-01
  -9.5048607e-01
  -7.0124261e-03
  -9.9997541e-01
   2.9880100e-01
  -9.5431544e-01
   5.7724063e-01
  -8.1657410e-01
   8.0085154e-01
  -5.9886293e-01
   9.4693013e-01
  -3.2143947e-01
   9.9993997e-01
  -1.0956786e-02
   9.5330604e-01
   3.0200595e-01
   8.1037161e-01
   5.8591625e-01
   5.8437613e-01
   8.1148293e-01
   2.9740649e-01
   9.5475095e-01
  -2.1620140e-02
   9.9976626e-01
  -3.3977688e-01
   9.4050607e-01
  -6.2348980e-01
   7.8183148e-01
  -8.4210695e-01
   5.3931057e-01
  -9.7129575e-01
   2.3787510e-01
  -9.9588740e-01
  -9.0599602e-02
  -9.1182604e-01
  -4.1057677e-01
  -7.2696135e-01
  -6.8667838e-01
  -4.6053871e-01
  -8.8763962e-01
  -1.4138141e-01
  -9.8995520e-01
   1.9509032e-01
  -9.8078528e-01
   5.1071542e-01
  -8.5974982e-01
   7.6891656e-01
  -6.3934914e-01
   9.3900787e-01
  -3.4389566e-01
   9.9997541e-01
  -7.0124261e-03
   9.4325436e-01
   3.3207110e-01
   7.7412143e-01
   6.3303713e-01
   5.1146885e-01
   8.5930182e-01
   1.8591161e-01
   9.8256647e-01
  -1.6361614e-01
   9.8652408e-01
  -4.9442280e-01
   8.6922154e-01
  -7.6526132e-01
   6.4371975e-01
  -9.4154407e-01
   3.3688985e-01
  -9.9990770e-01
  -1.3586269e-02
  -9.3151280e-01
  -3.6370853e-01
  -7.4359433e-01
  -6.6863104e-01
  -4.5898186e-01
  -8.8844564e-01
  -1.1356125e-01
  -9.9353100e-01
   2.4807854e-01
  -9.6873992e-01
   5.7831380e-01
  -8.1581441e-01
   8.3276598e-01
  -5.5362516e-01
   9.7636973e-01
  -2.1610680e-01
   9.8839112e-01
   1.5193086e-01
   8.6565994e-01
   5.0063247e-01
   6.2348980e-01
   7.8183148e-01
   2.9405708e-01
   9.5578786e-01
  -7.7643468e-02
   9.9698119e-01
  -4.3979747e-01
   8.9809698e-01
  -7.4095113e-01
   6.7155895e-01
  -9.3738990e-01
   3.4828174e-01
  -9.9965426e-01
  -2.6293783e-02
  -9.1720371e-01
  -3.9841857e-01
  -7.0046454e-01
  -7.1368721e-01
  -3.7984721e-01
  -9.2504924e-01
  -1.7531200e-03
  -9.9999846e-01
   3.7795441e-01
  -9.2582421e-01
   7.0213086e-01
  -7.1204793e-01
   9.2100263e-01
  -3.8955635e-01
   9.9997934e-01
  -6.4280657e-03
   9.2538184e-01
   3.7903620e-01
   7.0710678e-01
   7.0710678e-01
   3.7768388e-01
   9.2593460e-01
  -1.2271538e-02
   9.9992470e-01
  -4.0163205e-01
   9.1580112e-01
  -7.2826419e-01
   6.8529649e-01
  -9.3900787e-01
   3.4389566e-01
  -9.9852358e-01
  -5.4319999e-02
  -8.9551160e-01
  -4.4503818e-01
  -6.4517198e-01
  -7.6403738e-01
  -2.8734746e-01
  -9.5782641e-01
   1.1951026e-01
  -9.9283297e-01
   5.0769780e-01
  -8.6153522e-01
   8.1148293e-01
  -5.8437613e-01
   9.7834762e-01
  -2.0696845e-01
   9.7831737e-01
   2.0711138e-01
   8.0968627e-01
   5.8686297e-01
   5.0000000e-01
   8.6602540e-01
   1.0194190e-01
   9.9479035e-01
  -3.1534590e-01
   9.4897680e-01
  -6.7813533e-01
   7.3493705e-01
  -9.2117328e-01
   3.8915266e-01
  -9.9961882e-01
  -2.7608146e-02
  -8.9764675e-01
  -4.4071569e-01
  -6.3201874e-01
  -7.7495311e-01
  -2.4977648e-01
  -9.6830352e-01
   1.7973548e-01
  -9.8371498e-01
   5.7724063e-01
  -8.1657410e-01
   8.6813598e-01
  -4.9632643e-01
   9.9665524e-01
  -8.1721074e-02
   9.3688009e-01
   3.4965083e-01
   6.9837625e-01
   7.1573083e-01
   3.2517214e-01
   9.4565484e-01
  -1.1196448e-01
   9.9371221e-01
  -5.2868802e-01
   8.4881622e-01
  -8.4328677e-01
   5.3746388e-01
  -9.9285041e-01
   1.1936521e-01
  -9.4617618e-01
  -3.2365203e-01
  -7.1071315e-01
  -7.0348193e-01
  -3.3193330e-01
  -9.4330286e-01
   1.1501262e-01
  -9.9336403e-01
   5.3992556e-01
  -8.4171277e-01
   8.5569405e-01
  -5.1748207e-01
   9.9631261e-01
  -8.5797312e-02
   9.3103378e-01
   3.6493301e-01
   6.7155895e-01
   7.4095113e-01
   2.7051231e-01
   9.6271652e-01
  -1.8878174e-01
   9.8201907e-01
  -6.0934079e-01
   7.9290845e-01
  -9.0096887e-01
   4.3388374e-01
  -9.9981124e-01
  -1.9429201e-02
  -8.8274632e-01
  -4.6984990e-01
  -5.7329717e-01
  -8.1934752e-01
  -1.3747542e-01
  -9.9050518e-01
   3.2986534e-01
  -9.4402799e-01
   7.2545482e-01
  -6.8826979e-01
   9.6047120e-01
  -2.7837937e-01
   9.8078528e-01
   1.9509032e-01
   7.7991496e-01
   6.2588549e-01
   4.0149825e-01
   9.1585979e-01
  -6.9630167e-02
   9.9757287e-01
  -5.2608140e-01
   8.5043422e-01
  -8.6227602e-01
   5.0643861e-01
  -9.9903971e-01
   4.3813992e-02
  -9.0267332e-01
  -4.3032648e-01
  -5.9382019e-01
  -8.0459778e-01
  -1.4369503e-01
  -9.8962202e-01
   3.4183709e-01
  -9.3975923e-01
   7.4690635e-01
  -6.6492924e-01
   9.7334353e-01
  -2.2935207e-01
   9.6482062e-01
   2.6290906e-01
   7.2142039e-01
   6.9249738e-01
   3.0075224e-01
   9.5370231e-01
  -1.9509032e-01
   9.8078528e-01
  -6.4394332e-01
   7.6507320e-01
  -9.3362230e-01
   3.5825884e-01
  -9.9024230e-01
  -1.3935635e-01
  -7.9760273e-01
  -6.0318313e-01
  -4.0243465e-01
  -9.1544872e-01
   9.6272311e-02
  -9.9535503e-01
   5.7162015e-01
  -8.2051837e-01
   9.0096887e-01
  -4.3388374e-01
   9.9781088e-01
   6.6132015e-02
   8.3502368e-01
   5.5021401e-01
   4.5313117e-01
   8.9144386e-01
  -4.9067674e-02
   9.9879546e-01
  -5.3955660e-01
   8.4194933e-01
  -8.8763962e-01
   4.6053871e-01
  -9.9898123e-01
  -4.5127532e-02
  -8.4171277e-01
  -5.3992556e-01
  -4.5625399e-01
  -8.8984959e-01
   5.4319999e-02
  -9.9852358e-01
   5.5131146e-01
  -8.3429951e-01
   8.9790414e-01
  -4.4019105e-01
   9.9706007e-01
   7.6623861e-02
   8.1926376e-01
   5.7341686e-01
   4.1204156e-01
   9.1116505e-01
  -1.1196448e-01
   9.9371221e-01
  -6.0562730e-01
   7.9574843e-01
  -9.2850608e-01
   3.7131719e-01
  -9.8709169e-01
  -1.6015615e-01
  -7.6252720e-01
  -6.4695615e-01
  -3.1742473e-01
  -9.4828347e-01
   2.2081143e-01
  -9.7531652e-01
   6.9596735e-01
  -7.1807343e-01
   9.6830352e-01
  -2.4977648e-01
   9.5604525e-01
   2.9321916e-01
   6.6066287e-01
   7.5068274e-01
   1.6793829e-01
   9.8579751e-01
  -3.7619539e-01
   9.2654036e-01
  -8.0848426e-01
   5.8851780e-01
  -9.9741789e-01
   7.1816081e-02
  -8.8377383e-01
  -4.6791432e-01
  -5.0000000e-01
  -8.6602540e-01
   3.8121140e-02
  -9.9927313e-01
   5.6573181e-01
  -8.2458930e-01
   9.1917140e-01
  -3.9385776e-01
   9.8702140e-01
   1.6058876e-01
   7.4593414e-01
   6.6601971e-01
   2.6952764e-01
   9.6299265e-01
  -2.9321916e-01
   9.5604525e-01
  -7.6403738e-01
   6.4517198e-01
  -9.9184064e-01
   1.2748387e-01
  -9.0172813e-01
  -4.3230357e-01
  -5.2047915e-01
  -8.5387438e-01
   3.0382753e-02
  -9.9953834e-01
   5.7257874e-01
  -8.1984973e-01
   9.2850608e-01
  -3.7131719e-01
   9.7971640e-01
   2.0038904e-01
   7.0710678e-01
   7.0710678e-01
   1.9895752e-01
   9.8000811e-01
  -3.7673677e-01
   9.2632036e-01
  -8.2730715e-01
   5.6174984e-01
  -9.9997541e-01
   7.0124261e-03
  -8.3429951e-01
  -5.5131146e-01
  -3.8430252e-01
  -9.2320722e-01
   1.9809841e-01
  -9.8018214e-01
   7.1368721e-01
  -7.0046454e-01
   9.8397651e-01
  -1.7829815e-01
   9.1349791e-01
   4.0684341e-01
   5.2446530e-01
   8.5143182e-01
  -4.9067674e-02
   9.9879546e-01
  -6.0655692e-01
   7.9504007e-01
  -9.5080338e-01
   3.0979497e-01
  -9.5807792e-01
  -2.8650776e-01
  -6.2348980e-01
  -7.8183148e-01
  -6.4674209e-02
  -9.9790643e-01
   5.1860672e-01
  -8.5501291e-01
   9.1544872e-01
  -4.0243465e-01
   9.8032658e-01
   1.9738237e-01
   6.8731534e-01
   7.2635916e-01
   1.4152603e-01
   9.8993453e-01
  -4.5755352e-01
   8.8918208e-01
  -8.8844564e-01
   4.5898186e-01
  -9.8974759e-01
  -1.4282751e-01
  -7.2142039e-01
  -6.9249738e-01
  -1.8174710e-01
  -9.8334531e-01
   4.2755509e-01
  -9.0398929e-01
   8.7614053e-01
  -4.8205578e-01
   9.9226341e-01
   1.2415042e-01
   7.2936454e-01
   6.8412526e-01
   1.8591161e-01
   9.8256647e-01
  -4.3032648e-01
   9.0267332e-01
  -8.8109349e-01
   4.7294213e-01
  -9.8991385e-01
  -1.4167065e-01
  -7.1204793e-01
  -7.0213086e-01
  -1.5409645e-01
  -9.8805581e-01
   4.6571795e-01
  -8.8493321e-01
   9.0229576e-01
  -4.3111756e-01
   9.8078528e-01
   1.9509032e-01
   6.6754398e-01
   7.4457037e-01
   8.5797312e-02
   9.9631261e-01
  -5.3166092e-01
   8.4695730e-01
  -9.3507999e-01
   3.5443676e-01
  -9.5907660e-01
  -2.8314675e-01
  -5.9146673e-01
  -8.0632941e-01
   1.9429201e-02
  -9.9981124e-01
   6.2348980e-01
  -7.8183148e-01
   9.7077214e-01
  -2.4000302e-01
   9.1538991e-01
   4.0256839e-01
   4.7795458e-01
   8.7838455e-01
  -1.6058876e-01
   9.8702140e-01
  -7.3275370e-01
   6.8049395e-01
  -9.9631261e-01
   8.5797312e-02
  -8.3750697e-01
  -5.4642665e-01
  -3.2143947e-01
  -9.4693013e-01
   3.3317330e-01
  -9.4286561e-01
   8.4579018e-01
  -5.3351567e-01
   9.9427172e-01
   1.0688192e-01
   7.1204793e-01
   7.0213086e-01
   1.1936521e-01
   9.9285041e-01
  -5.2657829e-01
   8.5012664e-01
  -9.4257320e-01
   3.3399965e-01
  -9.4388333e-01
  -3.3027906e-01
  -5.2744740e-01
  -8.4958769e-01
   1.2415042e-01
  -9.9226341e-01
   7.2152155e-01
  -6.9239198e-01
   9.9665524e-01
  -8.1721074e-02
   8.2384474e-01
   5.6681553e-01
   2.7851969e-01
   9.6043052e-01
  -3.9412631e-01
   9.1905628e-01
  -8.8844564e-01
   4.5898186e-01
  -9.7730750e-01
  -2.1182550e-01
  -6.1753241e-01
  -7.8654544e-01
   2.7608146e-02
  -9.9961882e-01
   6.6110143e-01
  -7.5029654e-01
   9.8841331e-01
  -1.5178646e-01
   8.5501291e-01
   5.1860672e-01
   3.2074768e-01
   9.4716468e-01
  -3.6534102e-01
   9.3087375e-01
  -8.8005497e-01
   4.7487182e-01
  -9.7831737e-01
  -2.0711138e-01
  -6.1096125e-01
  -7.9166050e-01
   4.9067674e-02
  -9.9879546e-01
   6.8667838e-01
  -7.2696135e-01
   9.9453411e-01
  -1.0441223e-01
   8.2185229e-01
   5.6970063e-01
   2.4977648e-01
   9.6830352e-01
  -4.4503818e-01
   8.9551160e-01
  -9.2320722e-01
   3.8430252e-01
  -9.4856135e-01
  -3.1659338e-01
  -5.0606065e-01
  -8.6249790e-01
   1.8777738e-01
  -9.8221162e-01
   7.8942379e-01
  -6.1384858e-01
   9.9810914e-01
   6.1466554e-02
   7.0710678e-01
   7.0710678e-01
   6.0008317e-02
   9.9819788e-01
  -6.1845126e-01
   7.8582316e-01
  -9.8459562e-01
   1.7484700e-01
  -8.5043422e-01
  -5.2608140e-01
  -2.8174530e-01
  -9.5948923e-01
   4.3230357e-01
  -9.0172813e-01
   9.2504924e-01
  -3.7984721e-01
   9.4075402e-01
   3.3908979e-01
   4.6868882e-01
   8.8336334e-01
  -2.4807854e-01
   9.6873992e-01
  -8.3638760e-01
   5.4813846e-01
  -9.8702140e-01
  -1.6058876e-01
  -6.1833645e-01
  -7.8591351e-01
   7.7643468e-02
  -9.9698119e-01
   7.3354852e-01
  -6.7963709e-01
   1.0000000e+00
  -6.1232340e-17
   9.9681021e-02
  -2.9904306e-01
   2.0812410e-01
  -2.1579776e-01
   3.0766078e-01
  -8.2111472e-02
   3.4952720e-01
   4.2300633e-02
   2.9904306e-01
   9.9681021e-02
   1.5785497e-01
   6.2597862e-02
  -3.3208750e-02
  -5.1842314e-02
  -2.0659173e-01
  -1.9225838e-01
  -2.9904306e-01
  -2.9904306e-01
  -2.8114548e-01
  -3.3219807e-01
  -1.7130066e-01
  -2.8956593e-01
  -2.3781542e-02
  -1.9905874e-01
   9.9681021e-02
  -9.9681021e-02
   1.5995987e-01
  -2.0284967e-02
   1.5708706e-01
   3.2238121e-02
   1.2304036e-01
   6.7820864e-02
   9.9681021e-02
   9.9681021e-02
   1.1432282e-01
   1.3110151e-01
   1.6810532e-01
   1.5241121e-01
   2.3920058e-01
   1.4633325e-01
   2.9904306e-01
   9.9681021e-02
   3.2847946e-01
   1.2690952e-02
   3.2849257e-01
  -9.9936160e-02
   3.1312596e-01
  -2.1296170e-01
   2.9904306e-01
  -2.9904306e-01
   2.9544723e-01
  -3.3674241e-01
   3.0061824e-01
  -3.1343848e-01
   3.0530060e-01
  -2.2973399e-01
   2.9904306e-01
  -9.9681021e-02
   2.7554905e-01
   5.1118693e-02
   2.3225686e-01
   1.8815186e-01
   1.7161292e-01
   2.7820823e-01
   9.9681021e-02
   2.9904306e-01
   2.4228036e-02
   2.4692768e-01
  -4.0613363e-02
   1.4050808e-01
  -8.3576398e-02
   1.2870239e-02
  -9.9681021e-02
  -9.9681021e-02
  -9.3348390e-02
  -1.6941291e-01
  -7.9799483e-02
  -1.8660439e-01
  -7.7416215e-02
  -1.5766974e-01
  -9.9681021e-02
  -9.9681021e-02
  -1.4865710e-01
  -3.2251928e-02
  -2.1166978e-01
   2.8718224e-02
  -2.6839153e-01
   7.3744092e-02
  -2.9904306e-01
   9.9681021e-02
  -2.9065903e-01
   1.0812756e-01
  -2.4608633e-01
   1.0590730e-01
  -1.7656053e-01
   1.0094685e-01
  -9.9681021e-02
   9.9681021e-02
  -3.5359096e-02
   1.0387088e-01
  -6.1742629e-03
   1.0957699e-01
  -2.7399111e-02
   1.0976286e-01
  -9.9681021e-02
   9.9681021e-02
  -2.0229143e-01
   8.1433985e-02
  -2.9686651e-01
   6.6655146e-02
  -3.3876688e-01
   6.9614945e-02
  -2.9904306e-01
   9.9681021e-02
  -1.8302589e-01
   1.5505166e-01
  -3.6011650e-02
   2.2159820e-01
   7.6309564e-02
   2.7719153e-01
   9.9681021e-02
   2.9904306e-01
   2.1288909e-02
   2.7020721e-01
  -1.2003505e-01
   1.8627169e-01
  -2.5080571e-01
   5.5661574e-02
  -2.9904306e-01
  -9.9681021e-02
  -2.3074693e-01
  -2.4664974e-01
  -6.4609645e-02
  -3.4725279e-01
   1.3685059e-01
  -3.6929807e-01
   2.9904306e-01
  -2.9904306e-01
   3.6851475e-01
  -1.5075123e-01
   3.3626510e-01
   3.5320335e-02
   2.3086152e-01
   2.0264572e-01
   9.9681021e-02
   2.9904306e-01
  -1.3662224e-02
   2.9631011e-01
  -8.5529421e-02
   2.0235547e-01
  -1.1156133e-01
   5.4109459e-02
  -9.9681021e-02
  -9.9681021e-02
  -6.2516041e-02
  -2.1973814e-01
  -9.5231212e-03
  -2.8775532e-01
   4.8546379e-02
  -3.0864566e-01
   9.9681021e-02
  -2.9904306e-01
   1.3216802e-01
  -2.7356971e-01
   1.4082234e-01
  -2.3481851e-01
   1.2757598e-01
  -1.7783122e-01
   9.9681021e-02
  -9.9681021e-02
   6.4191913e-02
  -7.6927924e-03
   2.1116718e-02
   7.3254345e-02
  -3.3390076e-02
   1.1530335e-01
  -9.9681021e-02
   9.9681021e-02
  -1.6581297e-01
   2.5563512e-02
  -2.0568544e-01
  -8.5714106e-02
  -1.8895995e-01
  -2.0347383e-01
  -9.9681021e-02
  -2.9904306e-01
   4.7714987e-02
  -3.5626386e-01
   2.0405844e-01
  -3.6872813e-01
   3.0460229e-01
  -3.4409376e-01
   2.9904306e-01
  -2.9904306e-01
   1.7896211e-01
  -2.5500488e-01
  -1.1562442e-02
  -2.3320135e-01
  -1.9560445e-01
  -2.4798143e-01
  -2.9904306e-01
  -2.9904306e-01
  -2.8657517e-01
  -3.6734465e-01
  -1.7534022e-01
  -4.1425672e-01
  -2.4249938e-02
  -3.9921904e-01
   9.9681021e-02
  -2.9904306e-01
   1.5698983e-01
  -1.2463538e-01
   1.4917252e-01
   7.6685642e-02
   1.1443649e-01
   2.3750946e-01
   9.9681021e-02
   2.9904306e-01
   1.3225847e-01
   2.3852519e-01
   2.0175614e-01
   7.8233113e-02
   2.7130227e-01
  -1.2340684e-01
   2.9904306e-01
  -2.9904306e-01
   2.6153828e-01
  -4.0132104e-01
   1.6268407e-01
  -4.1747264e-01
   3.0438449e-02
  -3.6976376e-01
  -9.9681021e-02
  -2.9904306e-01
  -2.0105442e-01
  -2.4581177e-01
  -2.6409539e-01
  -2.2987504e-01
  -2.9355638e-01
  -2.5238230e-01
  -2.9904306e-01
  -2.9904306e-01
  -2.8529306e-01
  -3.4880629e-01
  -2.5083701e-01
  -3.7691916e-01
  -1.8976983e-01
  -3.6401912e-01
  -9.9681021e-02
  -2.9904306e-01
   1.0891849e-02
  -1.8357950e-01
   1.2759510e-01
  -2.7893678e-02
   2.2949409e-01
   1.4372960e-01
   2.9904306e-01
   2.9904306e-01
   3.2978513e-01
   4.0530931e-01
   3.2886671e-01
   4.4220478e-01
   3.1285536e-01
   4.0360161e-01
   2.9904306e-01
   2.9904306e-01
   2.9734293e-01
   1.5040609e-01
   3.0457918e-01
  -1.6058423e-02
   3.0935691e-01
  -1.7348876e-01
   2.9904306e-01
  -2.9904306e-01
   2.6863287e-01
  -3.7718812e-01
   2.1846884e-01
  -3.9970067e-01
   1.5829271e-01
  -3.6915487e-01
   9.9681021e-02
  -2.9904306e-01
   4.9066620e-02
  -2.1266184e-01
   4.3441418e-03
  -1.3648111e-01
  -4.2718598e-02
  -9.4574834e-02
  -9.9681021e-02
  -9.9681021e-02
  -1.6699225e-01
  -1.4731402e-01
  -2.3353845e-01
  -2.1605903e-01
  -2.8248944e-01
  -2.7546493e-01
  -2.9904306e-01
  -2.9904306e-01
  -2.7814317e-01
  -2.7688717e-01
  -2.2722759e-01
  -2.1870020e-01
  -1.6232886e-01
  -1.5034210e-01
  -9.9681021e-02
  -9.9681021e-02
  -4.6146527e-02
  -8.0667815e-02
  -1.6269984e-03
  -8.9395206e-02
   4.3690885e-02
  -1.0407749e-01
   9.9681021e-02
  -9.9681021e-02
   1.6758567e-01
  -6.2474078e-02
   2.3621414e-01
  -1.5474718e-03
   2.8596720e-01
   6.0229805e-02
   2.9904306e-01
   9.9681021e-02
   2.7061128e-01
   1.0719522e-01
   2.1166978e-01
   9.4158595e-02
   1.4643735e-01
   8.4315465e-02
   9.9681021e-02
   9.9681021e-02
   8.3037777e-02
   1.4560557e-01
   9.0730954e-02
   2.1162834e-01
   1.0277050e-01
   2.7162186e-01
   9.9681021e-02
   2.9904306e-01
   7.6793593e-02
   2.8017804e-01
   5.1509568e-02
   2.2443998e-01
   5.2257165e-02
   1.5555120e-01
   9.9681021e-02
   9.9681021e-02
   1.8864899e-01
   7.2380454e-02
   2.8389937e-01
   7.2709180e-02
   3.3425408e-01
   8.7114531e-02
   2.9904306e-01
   9.9681021e-02
   1.7170078e-01
   1.0200559e-01
  -1.1305615e-02
   9.6723899e-02
  -1.8777951e-01
   9.3305148e-02
  -2.9904306e-01
   9.9681021e-02
  -3.1767317e-01
   1.1589468e-01
  -2.5851111e-01
   1.3106419e-01
  -1.6809108e-01
   1.3001486e-01
  -9.9681021e-02
   9.9681021e-02
  -8.6628655e-02
   3.3826056e-02
  -1.3473669e-01
  -6.3446153e-02
  -2.1888912e-01
  -1.8055421e-01
  -2.9904306e-01
  -2.9904306e-01
  -3.3723661e-01
  -3.9489914e-01
  -3.1424459e-01
  -4.3963255e-01
  -2.2961428e-01
  -4.1001139e-01
  -9.9681021e-02
  -2.9904306e-01
   4.8335565e-02
  -1.2531448e-01
   1.8262746e-01
   6.7254475e-02
   2.7323379e-01
   2.2322224e-01
   2.9904306e-01
   2.9904306e-01
   2.5530505e-01
   2.8408306e-01
   1.5340261e-01
   2.0916436e-01
   2.2637064e-02
   1.3025449e-01
  -9.9681021e-02
   9.9681021e-02
  -1.8009051e-01
   1.3801730e-01
  -2.0341475e-01
   2.2072681e-01
  -1.7170605e-01
   2.9296258e-01
  -9.9681021e-02
   2.9904306e-01
  -6.6287631e-03
   2.1202820e-01
   9.6467072e-02
   4.9039414e-02
   2.0137591e-01
  -1.4034725e-01
   2.9904306e-01
  -2.9904306e-01
   3.7430200e-01
  -3.8845997e-01
   4.0839953e-01
  -4.0178144e-01
   3.8449846e-01
  -3.6037688e-01
   2.9904306e-01
  -2.9904306e-01
   1.6883280e-01
  -2.5057007e-01
   3.1293364e-02
  -2.3385196e-01
  -6.9499555e-02
  -2.5313729e-01
  -9.9681021e-02
  -2.9904306e-01
  -4.9347992e-02
  -3.5141922e-01
   6.1445011e-02
  -3.8369641e-01
   1.9258544e-01
  -3.7058434e-01
   2.9904306e-01
  -2.9904306e-01
   3.4675414e-01
  -1.7757871e-01
   3.2201638e-01
  -4.0185515e-02
   2.3214717e-01
   6.5874464e-02
   9.9681021e-02
   9.9681021e-02
  -4.5802666e-02
   4.7945726e-02
  -1.7485568e-01
  -6.9410369e-02
  -2.6371626e-01
  -2.0327721e-01
  -2.9904306e-01
  -2.9904306e-01
  -2.8160873e-01
  -3.2245517e-01
  -2.2669429e-01
  -2.7445549e-01
  -1.5861371e-01
  -1.8655953e-01
  -9.9681021e-02
  -9.9681021e-02
  -5.7035265e-02
  -3.9481484e-02
  -2.3273356e-02
  -3.0534967e-03
   2.3089298e-02
   3.4814134e-02
   9.9681021e-02
   9.9681021e-02
   2.0412221e-01
   1.9405241e-01
   3.0217432e-01
   2.8862131e-01
   3.4609665e-01
   3.3579485e-01
   2.9904306e-01
   2.9904306e-01
   1.5938123e-01
   1.8044073e-01
  -3.1737198e-02
   2.7921952e-02
  -2.0591988e-01
  -8.5282027e-02
  -2.9904306e-01
  -9.9681021e-02
  -2.8075681e-01
  -5.5990345e-03
  -1.7095463e-01
   1.4826508e-01
  -2.3899080e-02
   2.7574071e-01
   9.9681021e-02
   2.9904306e-01
   1.6172261e-01
   1.9205473e-01
   1.6103527e-01
  -3.3172481e-03
   1.2709968e-01
  -1.9748602e-01
   9.9681021e-02
  -2.9904306e-01
   1.0659885e-01
  -2.6114885e-01
   1.5401103e-01
  -1.0064048e-01
   2.2652271e-01
   1.1354800e-01
   2.9904306e-01
   2.9904306e-01
   3.4841631e-01
   4.0027638e-01
   3.6434254e-01
   4.0934149e-01
   3.4577209e-01
   3.5942960e-01
   2.9904306e-01
   2.9904306e-01
   2.3660893e-01
   2.6527158e-01
   1.7215715e-01
   2.6550963e-01
   1.2228951e-01
   2.8476306e-01
   9.9681021e-02
   2.9904306e-01
   1.0569842e-01
   2.9102520e-01
   1.2438284e-01
   2.5125839e-01
   1.2972751e-01
   1.8361567e-01
   9.9681021e-02
   9.9681021e-02
   3.1952874e-02
   1.5057518e-02
  -4.9527607e-02
  -5.5111886e-02
  -1.0450112e-01
  -9.6452307e-02
  -9.9681021e-02
  -9.9681021e-02
  -3.2817468e-02
  -6.4362881e-02
   6.0822641e-02
  -4.9856932e-03
   1.2168301e-01
   5.6654761e-02
   9.9681021e-02
   9.9681021e-02
  -1.1841618e-02
   1.1364896e-01
  -1.6801518e-01
   1.0549508e-01
  -2.8797916e-01
   9.4000222e-02
  -2.9904306e-01
   9.9681021e-02
  -1.7907401e-01
   1.3379453e-01
   2.2705637e-02
   1.9054614e-01
   2.1194131e-01
   2.5225193e-01
   2.9904306e-01
   2.9904306e-01
   2.5020618e-01
   3.2121885e-01
   1.0567593e-01
   3.1909013e-01
  -4.1435464e-02
   3.0631940e-01
  -9.9681021e-02
   2.9904306e-01
  -3.2500420e-02
   3.0640540e-01
   1.1852902e-01
   3.1957832e-01
   2.5959414e-01
   3.2200014e-01
   2.9904306e-01
   2.9904306e-01
   2.0164258e-01
   2.4953068e-01
   5.9367165e-03
   1.8529456e-01
  -1.9366798e-01
   1.2888310e-01
  -2.9904306e-01
   9.9681021e-02
  -2.6025485e-01
   1.0207725e-01
  -9.5056198e-02
   1.1985419e-01
   1.2150053e-01
   1.2631801e-01
   2.9904306e-01
   9.9681021e-02
   3.7551019e-01
   3.7957265e-02
   3.4060924e-01
  -3.8758556e-02
   2.3021410e-01
  -9.5315601e-02
   9.9681021e-02
  -9.9681021e-02
  -7.0117052e-03
  -4.0180871e-02
  -7.0152477e-02
   6.9603655e-02
  -9.5909980e-02
   1.9542588e-01
  -9.9681021e-02
   2.9904306e-01
  -8.8440033e-02
   3.5672094e-01
  -5.8143289e-02
   3.6302980e-01
   3.2067783e-03
   3.3495790e-01
   9.9681021e-02
   2.9904306e-01
   2.1512740e-01
   2.7737041e-01
   3.1299174e-01
   2.7612684e-01
   3.5030290e-01
   2.8776182e-01
   2.9904306e-01
   2.9904306e-01
   1.6363063e-01
   3.0162164e-01
  -1.8634308e-02
   2.9736088e-01
  -1.9027480e-01
   2.9478388e-01
  -2.9904306e-01
   2.9904306e-01
  -3.2066096e-01
   3.0351885e-01
  -2.6742170e-01
   2.8538696e-01
  -1.7874207e-01
   2.2053952e-01
  -9.9681021e-02
   9.9681021e-02
  -5.8842765e-02
  -5.8238546e-02
  -5.9700597e-02
  -2.1082297e-01
  -8.2675786e-02
  -3.0433481e-01
  -9.9681021e-02
  -2.9904306e-01
  -8.8765921e-02
  -1.8933112e-01
  -4.4472968e-02
  -1.1112329e-02
   2.4375725e-02
   1.7316591e-01
   9.9681021e-02
   2.9904306e-01
   1.5972265e-01
   3.2574036e-01
   1.8599888e-01
   2.4584148e-01
   1.6602124e-01
   8.7573382e-02
   9.9681021e-02
  -9.9681021e-02
   4.8751041e-03
  -2.6268301e-01
  -8.4999781e-02
  -3.6097187e-01
  -1.2941017e-01
  -3.7305127e-01
  -9.9681021e-02
  -2.9904306e-01
   3.5635957e-03
  -1.5782928e-01
   1.4282021e-01
   1.4556054e-02
   2.5903188e-01
   1.7804998e-01
   2.9904306e-01
   2.9904306e-01
   2.4347062e-01
   3.6184180e-01
   1.1852902e-01
   3.6759625e-01
  -1.6376894e-02
   3.3712780e-01
  -9.9681021e-02
   2.9904306e-01
  -1.0114910e-01
   2.7722551e-01
  -3.3855756e-02
   2.7747737e-01
   5.1856491e-02
   2.9067637e-01
   9.9681021e-02
   2.9904306e-01
   7.9548498e-02
   2.8532915e-01
   7.5600587e-03
   2.4397114e-01
  -6.8679366e-02
   1.7856748e-01
  -9.9681021e-02
   9.9681021e-02
  -6.4419097e-02
   2.2068046e-02
   1.3382726e-02
  -4.3847717e-02
   8.3430592e-02
  -8.7205298e-02
   9.9681021e-02
  -9.9681021e-02
   4.9290346e-02
  -7.9012478e-02
  -3.6693873e-02
  -2.9844312e-02
  -1.0250790e-01
   3.4854027e-02
  -9.9681021e-02
   9.9681021e-02
  -1.5934591e-02
   1.5469693e-01
   1.1837353e-01
   2.0055745e-01
   2.4337489e-01
   2.4618649e-01
   2.9904306e-01
   2.9904306e-01
   2.5343243e-01
   3.5509164e-01
   1.0941531e-01
   3.9127827e-01
  -9.3932028e-02
   3.7847986e-01
  -2.9904306e-01
   2.9904306e-01
  -4.4929089e-01
   1.6523666e-01
  -5.0447356e-01
   1.7127539e-02
  -4.4981968e-01
  -8.6735981e-02
  -2.9904306e-01
  -9.9681021e-02
  -9.1007107e-02
  -1.3036361e-02
   1.1515143e-01
   1.2933952e-01
   2.5944637e-01
   2.5514119e-01
   2.9904306e-01
   2.9904306e-01
   2.2280382e-01
   2.3835734e-01
   5.9649314e-02
   1.0443580e-01
  -1.3514748e-01
  -3.2085137e-02
  -2.9904306e-01
  -9.9681021e-02
  -3.8257407e-01
  -6.3451690e-02
  -3.6686349e-01
   5.6303822e-02
  -2.6175250e-01
   1.9932759e-01
  -9.9681021e-02
   2.9904306e-01
   7.4384531e-02
   3.1771866e-01
   2.1793302e-01
   2.6089556e-01
   2.9737264e-01
   1.7072412e-01
   2.9904306e-01
   9.9681021e-02
   2.3806295e-01
   8.3727676e-02
   1.5181987e-01
   1.2828642e-01
   9.2293616e-02
   2.1148010e-01
   9.9681021e-02
   2.9904306e-01
   1.7664522e-01
   3.6115171e-01
   2.8117530e-01
   3.8052194e-01
   3.4216514e-01
   3.5615194e-01
   2.9904306e-01
   2.9904306e-01
   1.4168956e-01
   2.2668072e-01
  -7.4344779e-02
   1.5844172e-01
  -2.5086695e-01
   1.1199237e-01
  -2.9904306e-01
   9.9681021e-02
  -1.8998378e-01
   1.2586769e-01
   1.9232893e-02
   1.8090897e-01
   2.1776637e-01
   2.4637687e-01
   2.9904306e-01
   2.9904306e-01
   2.1840324e-01
   3.1720282e-01
   2.0738918e-02
   2.8877315e-01
  -1.8819757e-01
   2.1273677e-01
  -2.9904306e-01
   9.9681021e-02
  -2.5599982e-01
  -3.0343978e-02
  -8.3830109e-02
  -1.5422716e-01
   1.3311286e-01
  -2.4924040e-01
   2.9904306e-01
  -2.9904306e-01
   3.5559794e-01
  -2.9809292e-01
   3.0464195e-01
  -2.5310404e-01
   1.9707191e-01
  -1.8038523e-01
   9.9681021e-02
  -9.9681021e-02
   6.2510783e-02
  -2.6138096e-02
   9.8103618e-02
   3.0639840e-02
   1.8860294e-01
   7.0909594e-02
   2.9904306e-01
   9.9681021e-02
   3.9183812e-01
   1.2154155e-01
   4.3363268e-01
   1.3294802e-01
   4.0336961e-01
   1.2738723e-01
   2.9904306e-01
   9.9681021e-02
   1.4360511e-01
   5.0913198e-02
  -1.1847512e-02
  -8.0896982e-03
  -1.0716019e-01
  -6.2470820e-02
  -9.9681021e-02
  -9.9681021e-02
   1.0273068e-02
  -1.1420452e-01
   1.6783432e-01
  -1.1243354e-01
   2.8842617e-01
  -1.0462196e-01
   2.9904306e-01
  -9.9681021e-02
   1.7881365e-01
  -1.0001768e-01
  -2.3647500e-02
  -1.0465810e-01
  -2.1379468e-01
  -1.0719726e-01
  -2.9904306e-01
  -9.9681021e-02
  -2.3719877e-01
  -7.5921962e-02
  -5.8188392e-02
  -3.1934141e-02
   1.5258322e-01
   2.9908687e-02
   2.9904306e-01
   9.9681021e-02
   3.2278526e-01
   1.5920790e-01
   2.2424022e-01
   1.8916969e-01
   5.8420460e-02
   1.7167480e-01
  -9.9681021e-02
   9.9681021e-02
  -1.9208666e-01
  -1.6607223e-02
  -2.0568544e-01
  -1.4730713e-01
  -1.6268626e-01
  -2.5306764e-01
  -9.9681021e-02
  -2.9904306e-01
  -4.2700950e-02
  -2.6802920e-01
   2.5238572e-03
  -1.7057683e-01
   4.6679811e-02
  -3.6030524e-02
   9.9681021e-02
   9.9681021e-02
   1.5534862e-01
   2.0700737e-01
   1.9103142e-01
   2.7422075e-01
   1.7772444e-01
   3.0227262e-01
   9.9681021e-02
   2.9904306e-01
  -3.1158508e-02
   2.7224230e-01
  -1.7489347e-01
   2.2824176e-01
  -2.7862051e-01
   1.7022441e-01
  -2.9904306e-01
   9.9681021e-02
  -2.2272805e-01
   1.7220633e-02
  -6.6448367e-02
  -7.8736548e-02
   1.2519477e-01
  -1.8704715e-01
   2.9904306e-01
  -2.9904306e-01
   4.1372425e-01
  -3.9379897e-01
   4.4621623e-01
  -4.4194103e-01
   4.0032082e-01
  -4.1434802e-01
   2.9904306e-01
  -2.9904306e-01
   1.7326095e-01
  -1.1511724e-01
   5.3116924e-02
   8.8170595e-02
  -4.0876942e-02
   2.4479111e-01
  -9.9681021e-02
   2.9904306e-01
  -1.2447013e-01
   2.2927868e-01
  -1.2373916e-01
   6.3883063e-02
  -1.1043508e-01
  -1.3554546e-01
  -9.9681021e-02
  -2.9904306e-01
  -1.0642524e-01
  -3.7613897e-01
  -1.4206538e-01
  -3.5212658e-01
  -2.0965797e-01
  -2.4684536e-01
  -2.9904306e-01
  -9.9681021e-02
  -3.8462079e-01
   5.0240313e-02
  -4.3201261e-01
   1.7334966e-01
  -4.0833164e-01
   2.5685553e-01
  -2.9904306e-01
   2.9904306e-01
  -1.2122439e-01
   3.0161179e-01
   7.8010809e-02
   2.6726621e-01
   2.3540000e-01
   1.9813782e-01
   2.9904306e-01
   9.9681021e-02
   2.5520077e-01
  -1.7485420e-02
   1.3197163e-01
  -1.3443560e-01
  -8.0065767e-03
  -2.3259866e-01
  -9.9681021e-02
  -2.9904306e-01
  -1.0796271e-01
  -3.3161827e-01
  -4.3981119e-02
  -3.3509102e-01
   4.4000910e-02
  -3.2082837e-01
   9.9681021e-02
  -2.9904306e-01
   8.9821013e-02
  -2.7172584e-01
   2.4605448e-02
  -2.3486361e-01
  -5.4373177e-02
  -1.7905738e-01
  -9.9681021e-02
  -9.9681021e-02
  -8.6669463e-02
  -6.6666529e-03
  -2.4585806e-02
   7.7284227e-02
   5.0344020e-02
   1.2067915e-01
   9.9681021e-02
   9.9681021e-02
   1.0595912e-01
   1.2752566e-02
   8.5539257e-02
  -1.1237366e-01
   7.3305454e-02
  -2.3049006e-01
   9.9681021e-02
  -2.9904306e-01
   1.6836444e-01
  -2.9701332e-01
   2.5416332e-01
  -2.3901081e-01
   3.1149068e-01
  -1.6064331e-01
   2.9904306e-01
  -9.9681021e-02
   2.0269229e-01
  -7.6835690e-02
   4.0083723e-02
  -8.5773990e-02
  -1.4403242e-01
  -1.0216360e-01
  -2.9904306e-01
  -9.9681021e-02
  -3.8959997e-01
  -6.5541804e-02
  -4.0710889e-01
  -6.4249092e-03
  -3.6751982e-01
   5.6699915e-02
  -2.9904306e-01
   9.9681021e-02
  -2.2784781e-01
   1.0516669e-01
  -1.6927758e-01
   6.7511302e-02
  -1.2730449e-01
  -6.6953274e-03
  -9.9681021e-02
  -9.9681021e-02
  -8.3298744e-02
  -1.8453932e-01
  -7.8407507e-02
  -2.2790288e-01
  -8.4875017e-02
  -2.0223361e-01
  -9.9681021e-02
  -9.9681021e-02
  -1.1593473e-01
   5.7380560e-02
  -1.2507125e-01
   2.1585225e-01
  -1.2047234e-01
   3.1188274e-01
  -9.9681021e-02
   2.9904306e-01
  -6.2942783e-02
   1.7238274e-01
  -1.4805858e-02
  -2.1002670e-02
   4.1150603e-02
  -2.0335235e-01
   9.9681021e-02
  -2.9904306e-01
   1.5047026e-01
  -2.6748005e-01
   1.7712271e-01
  -1.1885554e-01
   1.6246392e-01
   9.3652380e-02
   9.9681021e-02
   2.9904306e-01
   2.8843837e-03
   4.3750339e-01
  -9.1310642e-02
   4.7749975e-01
  -1.3642910e-01
   4.2183391e-01
  -9.9681021e-02
   2.9904306e-01
   1.5824852e-02
   1.5104039e-01
   1.6503765e-01
   1.6930596e-02
   2.7877063e-01
  -7.2014336e-02
   2.9904306e-01
  -9.9681021e-02
   2.1273463e-01
  -6.8789872e-02
   6.5062571e-02
  -2.5307818e-03
  -6.3312276e-02
   6.4610680e-02
  -9.9681021e-02
   9.9681021e-02
  -2.2459810e-02
   8.5469611e-02
   1.2706546e-01
   2.8381870e-02
   2.6215725e-01
  -4.4752416e-02
   2.9904306e-01
  -9.9681021e-02
   2.0348281e-01
  -1.1056758e-01
   1.2478943e-02
  -7.0613170e-02
  -1.8619487e-01
   7.4073387e-03
  -2.9904306e-01
   9.9681021e-02
  -2.7288294e-01
   1.8169086e-01
  -1.1934373e-01
   2.4242367e-01
   9.8187979e-02
   2.7996150e-01
   2.9904306e-01
   2.9904306e-01
   4.2315316e-01
   3.0752508e-01
   4.4975791e-01
   3.0794694e-01
   3.9642656e-01
   3.0378820e-01
   2.9904306e-01
   2.9904306e-01
   1.8903787e-01
   2.9751196e-01
   8.5047408e-02
   3.0026254e-01
  -1.0201697e-02
   3.0346859e-01
  -9.9681021e-02
   2.9904306e-01
  -1.8109107e-01
   2.7875670e-01
  -2.4887029e-01
   2.3705804e-01
  -2.9131019e-01
   1.7543074e-01
  -2.9904306e-01
   9.9681021e-02
  -2.7246722e-01
   1.5086168e-02
  -2.1981937e-01
  -7.9155795e-02
  -1.5722800e-01
  -1.8533005e-01
  -9.9681021e-02
  -2.9904306e-01
  -5.2525880e-02
  -4.0072404e-01
  -1.0700105e-02
  -4.5566011e-01
   3.7785901e-02
  -4.2720941e-01
   9.9681021e-02
  -2.9904306e-01
   1.6486951e-01
  -9.2930314e-02
   2.0651335e-01
   1.2633607e-01
   1.9097670e-01
   2.7741575e-01
   9.9681021e-02
   2.9904306e-01
  -5.0595378e-02
   1.8402943e-01
  -2.1055922e-01
  -1.5497918e-02
  -3.1121405e-01
  -2.0636386e-01
  -2.9904306e-01
  -2.9904306e-01
  -1.6733214e-01
  -2.5042753e-01
   3.3772863e-02
  -8.3005563e-02
   2.1698235e-01
   1.2918284e-01
   2.9904306e-01
   2.9904306e-01
   2.4180869e-01
   3.6830144e-01
   7.0954929e-02
   3.2864515e-01
  -1.3807363e-01
   2.1911672e-01
  -2.9904306e-01
   9.9681021e-02
  -3.5855043e-01
   2.1343529e-02
  -3.1299174e-01
   3.3775929e-03
  -2.0687987e-01
   3.7310930e-02
  -9.9681021e-02
   9.9681021e-02
  -3.0158374e-02
   1.6671165e-01
   4.2337492e-03
   2.2620283e-01
   3.6235268e-02
   2.7200427e-01
   9.9681021e-02
   2.9904306e-01
   2.0005431e-01
   2.9854571e-01
   3.0233674e-01
   2.6557932e-01
   3.5001831e-01
   1.9765928e-01
   2.9904306e-01
   9.9681021e-02
   1.4940021e-01
  -1.4926281e-02
  -5.1011538e-02
  -1.3091235e-01
  -2.2354265e-01
  -2.3089093e-01
  -2.9904306e-01
  -2.9904306e-01
  -2.5393704e-01
  -3.2354759e-01
  -1.2267988e-01
  -2.9651407e-01
   2.0408816e-02
  -2.1838267e-01
   9.9681021e-02
  -9.9681021e-02
   7.6859714e-02
   4.0288511e-02
  -3.5901257e-02
   1.7114792e-01
  -1.8330491e-01
   2.6428090e-01
  -2.9904306e-01
   2.9904306e-01
  -3.3929591e-01
   2.6879918e-01
  -2.9810664e-01
   1.7843516e-01
  -2.0426093e-01
   4.6514479e-02
  -9.9681021e-02
  -9.9681021e-02
  -1.7195811e-02
  -2.2911256e-01
   3.5475830e-02
  -3.1510693e-01
   6.8743730e-02
  -3.3964068e-01
   9.9681021e-02
  -2.9904306e-01
   1.4009069e-01
  -2.0482296e-01
   1.9157090e-01
  -8.6401594e-02
   2.4771189e-01
   2.3656027e-02
   2.9904306e-01
   9.9681021e-02
   3.3646548e-01
   1.3224756e-01
   3.5214007e-01
   1.2861294e-01
   3.4012098e-01
   1.0969416e-01
   2.9904306e-01
   9.9681021e-02
   2.3594096e-01
   1.1572111e-01
   1.6777156e-01
   1.6182792e-01
   1.1678826e-01
   2.2883319e-01
   9.9681021e-02
   2.9904306e-01
   1.1646733e-01
   3.5274276e-01
   1.4436768e-01
   3.7402116e-01
   1.4837242e-01
   3.5506874e-01
   9.9681021e-02
   2.9904306e-01
  -6.7752768e-03
   2.2204462e-01
  -1.4006499e-01
   1.4687928e-01
  -2.5153765e-01
   9.9986131e-02
  -2.9904306e-01
   9.9681021e-02
  -2.7159642e-01
   1.4590774e-01
  -1.9549039e-01
   2.1718725e-01
  -1.2233696e-01
   2.7869812e-01
  -9.9681021e-02
   2.9904306e-01
  -1.4336790e-01
   2.6663940e-01
  -2.2737942e-01
   1.9863584e-01
  -2.9719646e-01
   1.3096468e-01
  -2.9904306e-01
   9.9681021e-02
  -2.0754190e-01
   1.2147877e-01
  -4.2018057e-02
   1.8476492e-01
   1.4668063e-01
   2.5624652e-01
   2.9904306e-01
   2.9904306e-01
   3.7143168e-01
   2.9187335e-01
   3.4966626e-01
   2.3871956e-01
   2.4822386e-01
   1.6439061e-01
   9.9681021e-02
   9.9681021e-02
  -5.7984360e-02
   6.6750807e-02
  -1.9087266e-01
   6.5300960e-02
  -2.7479605e-01
   8.1967370e-02
  -2.9904306e-01
   9.9681021e-02
  -2.6815504e-01
   1.0836629e-01
  -2.0508245e-01
   1.0684926e-01
  -1.4019794e-01
   1.0161365e-01
  -9.9681021e-02
   9.9681021e-02
  -9.4047082e-02
   1.0286388e-01
  -1.0957699e-01
   1.0851405e-01
  -1.1958667e-01
   1.0983178e-01
  -9.9681021e-02
   9.9681021e-02
  -4.3112634e-02
   7.4432582e-02
   3.1460729e-02
   2.9777503e-02
   8.9965291e-02
  -3.1563438e-02
   9.9681021e-02
  -9.9681021e-02
   4.5381040e-02
  -1.5828985e-01
  -6.1479435e-02
  -1.8664583e-01
  -1.8944756e-01
  -1.6861400e-01
  -2.9904306e-01
  -9.9681021e-02
  -3.5438910e-01
   9.0648721e-03
  -3.3777112e-01
   1.3269119e-01
  -2.4741025e-01
   2.3930031e-01
  -9.9681021e-02
   2.9904306e-01
   7.2958664e-02
   2.9188299e-01
   2.2366913e-01
   2.1252594e-01
   3.0773737e-01
   7.2588071e-02
   2.9904306e-01
  -9.9681021e-02
   2.0448030e-01
  -2.6201953e-01
   6.6121850e-02
  -3.7018980e-01
  -5.3680968e-02
  -3.8709928e-01
  -9.9681021e-02
  -2.9904306e-01
  -4.9877562e-02
  -1.2621938e-01
   7.1528927e-02
   7.6463337e-02
   2.0796300e-01
   2.3815072e-01
   2.9904306e-01
   2.9904306e-01
   3.1103531e-01
   2.3662128e-01
   2.5206084e-01
   7.4382570e-02
   1.6441894e-01
  -1.2718381e-01
   9.9681021e-02
  -2.9904306e-01
   9.2528430e-02
  -3.9432516e-01
   1.4264553e-01
  -4.0560286e-01
   2.2342542e-01
  -3.6037155e-01
   2.9904306e-01
  -2.9904306e-01
   3.4245336e-01
  -2.5046617e-01
   3.4874329e-01
  -2.1456778e-01
   3.2849044e-01
  -1.7159638e-01
   2.9904306e-01
  -9.9681021e-02
   2.7556375e-01
   6.7474308e-03
   2.6695577e-01
   1.3012589e-01
   2.7580499e-01
   2.3781769e-01
   2.9904306e-01
   2.9904306e-01
   3.2911055e-01
   2.9908614e-01
   3.4878474e-01
   2.4834430e-01
   3.4165445e-01
   1.7218773e-01
   2.9904306e-01
   9.9681021e-02
   2.2723079e-01
   5.2581291e-02
   1.5046242e-01
   4.0176453e-02
   1.0015580e-01
   5.9761998e-02
   9.9681021e-02
   9.9681021e-02
   1.5167391e-01
   1.4299068e-01
   2.2874604e-01
   1.6854482e-01
   2.9001318e-01
   1.5751859e-01
   2.9904306e-01
   9.9681021e-02
   2.4226239e-01
  -2.0191231e-04
   1.3190482e-01
  -1.2056834e-01
   3.6424945e-03
  -2.2956448e-01
  -9.9681021e-02
  -2.9904306e-01
  -1.4447205e-01
  -3.2030528e-01
  -1.1719767e-01
  -3.0673216e-01
  -2.6840221e-02
  -2.8997759e-01
   9.9681021e-02
  -2.9904306e-01
   2.2737630e-01
  -3.3847201e-01
   3.1753282e-01
  -3.8172063e-01
   3.4387665e-01
  -3.8150896e-01
   2.9904306e-01
  -2.9904306e-01
   1.9784241e-01
  -1.3281773e-01
   7.1528927e-02
   7.1170309e-02
  -3.9756968e-02
   2.3729520e-01
  -9.9681021e-02
   2.9904306e-01
  -8.5592576e-02
   2.3816700e-01
   1.7091477e-03
   9.5592018e-02
   1.4197020e-01
  -4.4244279e-02
   2.9904306e-01
  -9.9681021e-02
   4.2911987e-01
  -3.7489201e-02
   4.8713692e-01
   1.0572104e-01
   4.4401932e-01
   2.4564222e-01
   2.9904306e-01
   2.9904306e-01
   8.8281596e-02
   2.3298227e-01
  -1.2679340e-01
   8.6829902e-02
  -2.7357456e-01
  -5.2037025e-02
  -2.9904306e-01
  -9.9681021e-02
  -1.9544267e-01
  -2.6280955e-02
  -7.7823633e-03
   1.2507125e-01
   1.8363080e-01
   2.6268803e-01
   2.9904306e-01
   2.9904306e-01
   2.9588816e-01
   1.9985483e-01
   1.8695317e-01
   6.3834624e-03
   3.0761441e-02
  -1.9083413e-01
  -9.9681021e-02
  -2.9904306e-01
  -1.5060676e-01
  -2.6880800e-01
  -1.1345212e-01
  -1.1356617e-01
  -1.5495910e-02
   1.0287310e-01
   9.9681021e-02
   2.9904306e-01
   1.9530931e-01
   4.0980945e-01
   2.5650997e-01
   4.0388679e-01
   2.8696424e-01
   2.8830932e-01
   2.9904306e-01
   9.9681021e-02
   3.0413384e-01
  -1.0707378e-01
   3.0635436e-01
  -2.7266710e-01
   3.0555286e-01
  -3.4548201e-01
   2.9904306e-01
  -2.9904306e-01
   2.8293525e-01
  -1.4676511e-01
   2.4816345e-01
   5.5574716e-02
   1.8721708e-01
   2.2755908e-01
   9.9681021e-02
   2.9904306e-01
  -2.2860112e-03
   2.4603728e-01
  -8.9607674e-02
   1.0651983e-01
  -1.2936100e-01
  -3.6631983e-02
  -9.9681021e-02
  -9.9681021e-02
  -2.2985900e-03
  -4.5260188e-02
   1.2865438e-01
   9.5134980e-02
   2.4406150e-01
   2.3850546e-01
   2.9904306e-01
   2.9904306e-01
   2.7185502e-01
   2.3871232e-01
   1.7179160e-01
   9.4200042e-02
   3.3235118e-02
  -4.7380440e-02
  -9.9681021e-02
  -9.9681021e-02
  -1.8995886e-01
  -2.9553209e-02
  -2.1675969e-01
   1.2170349e-01
  -1.8058910e-01
   2.6134685e-01
  -9.9681021e-02
   2.9904306e-01
  -2.7606110e-03
   2.0014274e-01
   7.7421285e-02
   4.7219419e-03
   1.1515876e-01
  -1.9319856e-01
   9.9681021e-02
  -2.9904306e-01
   4.0064541e-02
  -2.7051479e-01
  -3.6379614e-02
  -1.3756863e-01
  -9.3336010e-02
   1.5551992e-02
  -9.9681021e-02
   9.9681021e-02
  -4.2325187e-02
   7.1209519e-02
   6.5970011e-02
  -5.2039207e-02
   1.9303220e-01
  -2.0094877e-01
   2.9904306e-01
  -2.9904306e-01
   3.5041779e-01
  -3.0681624e-01
   3.2976432e-01
  -2.3754989e-01
   2.3946632e-01
  -1.4779960e-01
   9.9681021e-02
  -9.9681021e-02
  -5.7126838e-02
  -1.2330330e-01
  -1.9413002e-01
  -2.0040562e-01
  -2.7999587e-01
  -2.7748779e-01
  -2.9904306e-01
  -2.9904306e-01
  -2.5911618e-01
  -2.3997343e-01
  -1.8706434e-01
  -1.2048179e-01
  -1.2248461e-01
   9.4105346e-03
  -9.9681021e-02
   9.9681021e-02
  -1.3214253e-01
   1.2990429e-01
  -2.0191164e-01
   1.1334098e-01
  -2.7107164e-01
   9.0206843e-02
  -2.9904306e-01
   9.9681021e-02
  -2.6184302e-01
   1.5477865e-01
  -1.6262419e-01
   2.3557045e-01
  -2.9044738e-02
   2.9825350e-01
   9.9681021e-02
   2.9904306e-01
   1.8837272e-01
   2.1761999e-01
   2.1686102e-01
   6.3550366e-02
   1.8308540e-01
  -1.2510062e-01
   9.9681021e-02
  -2.9904306e-01
  -1.1693690e-02
  -4.1658178e-01
  -1.2828024e-01
  -4.5383617e-01
  -2.2903416e-01
  -4.0942140e-01
  -2.9904306e-01
  -2.9904306e-01
  -3.3315778e-01
  -1.4694682e-01
  -3.3532941e-01
   1.9232893e-02
  -3.1858469e-01
   1.7472941e-01
  -2.9904306e-01
   2.9904306e-01
  -2.8894721e-01
   3.7649283e-01
  -2.9130685e-01
   3.9970067e-01
  -2.9901226e-01
   3.6985016e-01
  -2.9904306e-01
   2.9904306e-01
  -2.8041858e-01
   2.0956172e-01
  -2.3672534e-01
   1.3118808e-01
  -1.7255501e-01
   9.0221074e-02
  -9.9681021e-02
   9.9681021e-02
  -3.1632336e-02
   1.5282503e-01
   2.5569116e-02
   2.2467837e-01
   6.9892697e-02
   2.8220003e-01
   9.9681021e-02
   2.9904306e-01
   1.0877206e-01
   2.6836784e-01
   8.3913003e-02
   2.0449659e-01
   1.3757290e-02
   1.3776877e-01
  -9.9681021e-02
   9.9681021e-02
  -2.3105932e-01
   1.0728909e-01
  -3.3743477e-01
   1.5922117e-01
  -3.6996506e-01
   2.3364395e-01
  -2.9904306e-01
   2.9904306e-01
  -1.3522606e-01
   3.2530716e-01
   6.9134644e-02
   2.9874668e-01
   2.3659196e-01
   2.1920929e-01
   2.9904306e-01
   9.9681021e-02
   2.2929402e-01
  -3.7496781e-02
   5.8101842e-02
  -1.6537035e-01
  -1.4388196e-01
  -2.5831257e-01
  -2.9904306e-01
  -2.9904306e-01
  -3.5892626e-01
  -2.8388985e-01
  -3.1873151e-01
  -2.2839726e-01
  -2.1500401e-01
  -1.5823029e-01
  -9.9681021e-02
  -9.9681021e-02
  -1.1754740e-02
  -6.9068667e-02
   3.8733194e-02
  -6.7416151e-02
   6.7644964e-02
  -8.2972445e-02
   9.9681021e-02
  -9.9681021e-02
   1.5055245e-01
  -1.0646255e-01
   2.1407959e-01
  -1.0244524e-01
   2.7064281e-01
  -9.6080387e-02
   2.9904306e-01
  -9.9681021e-02
   2.8832154e-01
  -1.2254454e-01
   2.4195392e-01
  -1.6832870e-01
   1.7373131e-01
  -2.3150190e-01
   9.9681021e-02
  -2.9904306e-01
   3.1064054e-02
  -3.5224494e-01
  -2.5683165e-02
  -3.7662089e-01
  -6.9156648e-02
  -3.6019568e-01
  -9.9681021e-02
  -2.9904306e-01
  -1.1657893e-01
  -1.9953516e-01
  -1.2180482e-01
  -8.2304903e-02
  -1.1612488e-01
   2.6059480e-02
  -9.9681021e-02
   9.9681021e-02
  -7.2876868e-02
   1.2066161e-01
  -3.1017640e-02
   8.5903565e-02
   2.7509205e-02
   5.5970047e-03
   9.9681021e-02
  -9.9681021e-02
   1.7543696e-01
  -2.0477252e-01
   2.4275637e-01
  -2.8389937e-01
   2.8742927e-01
  -3.1813056e-01
   2.9904306e-01
  -2.9904306e-01
   2.7533338e-01
  -2.3048468e-01
   2.2372042e-01
  -1.2716680e-01
   1.5922488e-01
  -1.0122936e-02
   9.9681021e-02
   9.9681021e-02
   6.0741347e-02
   1.8636448e-01
   4.9730730e-02
   2.4593084e-01
   6.5761445e-02
   2.8120166e-01
   9.9681021e-02
   2.9904306e-01
   1.3667339e-01
   3.0505584e-01
   1.5808310e-01
   3.0664927e-01
   1.4839171e-01
   3.0558463e-01
   9.9681021e-02
   2.9904306e-01
   1.4632152e-02
   2.7920647e-01
  -9.3670402e-02
   2.4125400e-01
  -2.0527554e-01
   1.8079778e-01
  -2.9904306e-01
   9.9681021e-02
  -3.5796407e-01
   9.2079194e-03
  -3.7496302e-01
  -6.8525478e-02
  -3.5196114e-01
  -1.0967396e-01
  -2.9904306e-01
  -9.9681021e-02
  -2.3214784e-01
  -4.3350787e-02
  -1.6773011e-01
   3.3284670e-02
  -1.2076019e-01
   9.2133710e-02
  -9.9681021e-02
   9.9681021e-02
  -1.0244002e-01
   4.2146123e-02
  -1.1584640e-01
  -6.6398319e-02
  -1.2038219e-01
  -1.9263145e-01
  -9.9681021e-02
  -2.9904306e-01
  -5.0729573e-02
  -3.5978904e-01
   1.4207272e-02
  -3.6937874e-01
   7.1383331e-02
  -3.4128964e-01
   9.9681021e-02
  -2.9904306e-01
   9.4600640e-02
  -2.6388062e-01
   7.3419677e-02
  -2.5236193e-01
   6.6704376e-02
  -2.6700733e-01
   9.9681021e-02
  -2.9904306e-01
   1.7361523e-01
  -3.3197876e-01
   2.6153009e-01
  -3.5078588e-01
   3.1719551e-01
  -3.4227694e-01
   2.9904306e-01
  -2.9904306e-01
   1.9283586e-01
  -2.2179869e-01
   2.3159307e-02
  -1.1819632e-01
  -1.5872213e-01
  -4.0811708e-03
  -2.9904306e-01
   9.9681021e-02
  -3.6793999e-01
   1.7183945e-01
  -3.6808444e-01
   1.9666080e-01
  -3.3189691e-01
   1.6946245e-01
  -2.9904306e-01
   9.9681021e-02
  -2.9374611e-01
   9.8108887e-03
  -3.0945296e-01
  -7.0345763e-02
  -3.1999024e-01
  -1.1264609e-01
  -2.9904306e-01
  -9.9681021e-02
  -2.3980680e-01
  -3.1583289e-02
  -1.6361041e-01
   7.7234179e-02
  -1.0685656e-01
   1.9854784e-01
  -9.9681021e-02
   2.9904306e-01
  -1.4600759e-01
   3.4817062e-01
  -2.2255615e-01
   3.2946604e-01
  -2.8670241e-01
   2.4132870e-01
  -2.9904306e-01
   9.9681021e-02
  -2.4338390e-01
  -6.5242883e-02
  -1.3251399e-01
  -2.0988111e-01
  -3.4208500e-03
  -2.9521675e-01
   9.9681021e-02
  -2.9904306e-01
   1.4299073e-01
  -2.2543418e-01
   1.1421312e-01
  -1.0461665e-01
   2.4104124e-02
   1.8040443e-02
  -9.9681021e-02
   9.9681021e-02
  -2.2300403e-01
   1.1662755e-01
  -3.1154667e-01
   7.0946936e-02
  -3.4067249e-01
  -1.2673128e-02
  -2.9904306e-01
  -9.9681021e-02
  -1.9128156e-01
  -1.5958250e-01
  -3.4739885e-02
  -1.7658736e-01
   1.4059569e-01
  -1.5152536e-01
   2.9904306e-01
  -9.9681021e-02
   4.0704451e-01
  -4.5880298e-02
   4.4416723e-01
  -1.6705540e-02
   4.0483174e-01
  -3.2907199e-02
   2.9904306e-01
  -9.9681021e-02
   1.4833086e-01
  -1.9913216e-01
  -1.9198420e-02
  -2.9443701e-01
  -1.7588849e-01
  -3.3926124e-01
  -2.9904306e-01
  -2.9904306e-01
  -3.7463103e-01
  -1.7014138e-01
  -3.9588265e-01
   1.2576763e-02
  -3.6655635e-01
   1.8884343e-01
  -2.9904306e-01
   2.9904306e-01
  -2.1106502e-01
   3.1053024e-01
  -1.2228525e-01
   2.3385354e-01
  -4.8792539e-02
   1.1241075e-01
